-610.7000000000003
-599.1500000000001
-591.9500000000006
-554.7500000000001
-574.2500000000001
-586.1000000000003
-575.2000000000005
-564.2999999999996
-575.4000000000001
-543.9499999999997
-581.2499999999999
-581.4499999999997
-551.7
-560.0500000000001
-545.0000000000002
-534.1000000000003
-517.3000000000002
-549.6999999999996
-543.4499999999998
-523.1999999999996
-582.3999999999995
-543.75
-545.7499999999997
-531.6000000000006
-515.4500000000002
-508.70000000000005
-514.6500000000003
-513.1
-507.6500000000002
-522.8500000000003
-521.95
-514.9500000000003
-513.9000000000003
-515.1499999999997
-507.75
-511.2000000000004
-507.45000000000016
-513.4
-512.2
-508.8500000000001
-495.15000000000015
-524.15
-515.4999999999995
-506.0499999999998
-509.3
-527.8
-521.95
-506.1999999999998
-503.7500000000003
-493.25000000000006
-501.5500000000002
-507.4000000000001
-496.9000000000002
-496.25000000000017
-500.95
-492.55000000000024
-506.30000000000024
-498.1000000000007
-496.40000000000015
-495.9500000000001
-493.1500000000003
-518.0500000000002
-492.80000000000024
-526.2999999999995
-494.5000000000002
-484.2999999999999
-503.7499999999999
-500.10000000000025
-492.6000000000002
-489.1500000000001
-502.7499999999999
-496.85000000000014
-495.1999999999998
-501.14999999999975
-498.94999999999976
-486.60000000000036
-493.3499999999999
-487.29999999999995
-497.6999999999999
-499.9999999999998
-494.8000000000002
-495.30000000000007
-486.65
-485.6499999999998
-488.6999999999997
-484.75000000000017
-497.8000000000001
-485.1999999999998
-482.90000000000003
-476.05000000000035
-490.1000000000001
-486.84999999999997
-486.9000000000001
-486.90000000000003
-476.10000000000014
-482.6000000000002
-488.8500000000002
-486.09999999999974
-470.2500000000003
-475.05
-466.7000000000002
-475.5500000000001
-471.30000000000007
-479.45000000000033
-479.8
-475.84999999999997
-477.64999999999975
-478.8500000000003
-474.3
-474.30000000000035
-484.40000000000003
-477.1999999999998
-467.8499999999999
-470.2999999999996
-482.19999999999953
-482.20000000000016
-480.45
-477.1500000000005
-477.2000000000002
-470.54999999999995
-469.74999999999966
-468.6000000000005
-471.5500000000003
-476.54999999999984
-484.84999999999997
-480.3000000000002
-476.9499999999999
-471.15
-472.45000000000016
-468.9499999999998
-485.09999999999985
-484.8999999999995
-479.0
-479.4500000000003
-479.3
-479.9000000000002
-474.34999999999985
-475.69999999999993
-487.79999999999995
-472.79999999999944
-477.9499999999998
-473.0500000000001
-472.05000000000035
-471.29999999999995
-468.4499999999998
-476.9000000000001
-484.49999999999955
-475.8
-475.0500000000003
-470.15000000000015
-473.34999999999957
-478.9499999999995
-461.4999999999999
-481.04999999999995
-465.5499999999996
-469.34999999999974
-472.4999999999998
-477.3499999999996
-476.25000000000017
-470.8500000000002
-478.04999999999933
-480.64999999999986
-465.4499999999998
-487.15000000000026
-462.5499999999996
-465.90000000000026
-470.34999999999957
-472.9499999999999
-469.1000000000003
-465.1500000000002
-472.0999999999999
-475.8000000000004
-484.9500000000004
-467.6
-475.15000000000083
-463.7999999999997
-456.00000000000045
-460.75000000000034
-468.94999999999993
-473.4999999999997
-472.3999999999995
-474.3499999999996
-490.20000000000005
-467.4000000000015
-469.64999999999986
-467.80000000000007
-468.6499999999998
-465.0999999999995
-472.75
-473.8999999999998
-483.74999999999994
-468.4
-478.0499999999995
-483.74999999999983
-479.8499999999998
-491.04999999999984
-483.34999999999997
-485.44999999999914
-475.15000000000015
-487.8999999999996
-471.3999999999997
-488.54999999999967
-466.15
-498.65000000000026
-476.40000000000003
-481.75000000000045
-500.2499999999978
-475.60000000000014
-504.24999999999983
-475.54999999999933
-474.1000000000002
-483.7499999999996
-482.0499999999999
-497.1999999999999
-476.84999999999957
-493.00000000000017
-478.6999999999995
-486.59999999999985
-484.0499999999994
-469.54999999999944
-473.8499999999997
-477.3500000000001
-496.10000000000014
-471.4499999999999
-487.54999999999916
-482.7999999999997
-491.4499999999998
-493.6999999999991
-483.2499999999999
-477.149999999999
-482.0000000000002
-475.2999999999996
-471.9499999999997
-477.29999999999984
-474.1999999999998
-483.3499999999994
-487.49999999999994
-480.64999999999975
-469.34999999999974
-477.34999999999985
-468.45000000000005
-472.7499999999998
-476.3
-481.44999999999993
-469.3000000000002
-474.44999999999993
-467.4
-477.75000000000006
-504.94999999999976
-476.5499999999999
-478.7000000000001
-476.5499999999995
-504.50000000000017
-461.8
-476.84999999999934
-471.5500000000001
-491.9000000000002
-474.74999999999983
-464.7000000000005
-471.3499999999998
-469.2999999999996
-485.7999999999995
-466.99999999999983
-481.1499999999998
-482.99999999999955
-480.15000000000015
-488.59999999999917
-491.7999999999999
-468.00000000000006
-474.00000000000006
-474.3499999999996
-477.19999999999965
-471.05
-475.89999999999947
-487.5499999999997
-479.5999999999999
-473.90000000000003
-470.0499999999998
-475.59999999999974
-484.45
-484.54999999999944
-468.79999999999933
-476.54999999999995
-470.20000000000044
-477.59999999999997
-479.0500000000002
-491.8
-478.04999999999933
-488.90000000000003
-470.49999999999943
-478.6000000000001
-462.69999999999993
-468.40000000000003
-470.2999999999999
-480.14999999999975
-492.8999999999998
-480.9999999999999
-474.6999999999999
-477.59999999999997
-474.5499999999998
-505.7000000000002
-472.2499999999997
-506.9499999999997
-464.34999999999997
-478.5499999999998
-494.2000000000002
-469.2499999999996
-478.6499999999996
-465.55
-470.7999999999996
-462.54999999999995
-479.40000000000003
-461.0
-461.5
-471.89999999999947
-466.94999999999953
-480.5999999999995
-465.59999999999974
-481.0500000000001
-476.8999999999999
-484.9499999999994
-470.9499999999998
-471.39999999999975
-478.55000000000007
-506.5999999999999
-477.5999999999998
-491.7500000000009
-482.0
-467.14999999999964
-488.34999999999957
-473.8999999999998
-487.7499999999997
-476.7999999999996
-466.2000000000001
-475.9499999999995
-487.94999999999936
-497.3499999999995
-474.1999999999996
-503.6499999999995
-465.0500000000003
-477.49999999999983
-479.95
-475.05
-500.7
-480.35000000000036
-485.85
-523.95
-462.9499999999999
-478.19999999999993
-470.8500000000001
-497.14999999999986
-468.6500000000001
-483.9499999999998
-478.1499999999996
-466.0499999999999
-484.1999999999998
-484.4499999999997
-501.34999999999957
-510.4999999999999
-464.4499999999998
-470.9499999999996
-481.79999999999984
-487.24999999999966
-478.89999999999975
-489.0999999999998
-458.3499999999999
-510.30000000000007
-484.0499999999993
-470.1
-487.94999999999925
-487.4999999999999
-483.29999999999984
-493.69999999999976
-479.2499999999999
-486.05
-507.24999999999983
-479.6000000000005
-470.79999999999984
-471.8000000000001
-496.4999999999999
-492.6499999999998
-478.99999999999943
-494.5499999999992
-491.2499999999996
-463.49999999999994
-470.04999999999984
-472.8999999999995
-483.09999999999997
-483.5499999999998
-479.89999999999975
-467.79999999999984
-481.54999999999995
-483.7499999999999
-472.8999999999996
-477.60000000000014
-485.6499999999997
-468.19999999999976
-479.94999999999965
-512.1999999999998
-494.0999999999999
-471.5499999999999
-469.0500000000002
-481.6499999999999
-476.7000000000001
-459.54999999999995
-458.7499999999998
-473.54999999999984
-480.0999999999999
-470.69999999999993
-458.6999999999997
-474.1999999999999
-494.79999999999984
-475.4000000000001
-480.8499999999995
-473.8000000000001
-469.5499999999999
-457.70000000000005
-466.09999999999974
-479.84999999999957
-476.5499999999997
-470.65000000000003
-471.4999999999998
-461.0500000000003
-470.4999999999996
-506.14999999999975
-487.89999999999964
-481.6500000000002
-467.8500000000002
-466.6499999999998
-468.9999999999999
-466.4499999999999
-478.49999999999983
-487.6000000000001
-477.14999999999986
-474.8999999999993
-511.2499999999996
-490.39999999999964
-468.1499999999999
-473.3499999999999
-471.4499999999995
-469.29999999999967
-480.8000000000001
-477.2999999999999
-470.9999999999998
-476.7500000000002
-479.549999999999
-484.5499999999998
-486.90000000000106
-482.3000000000001
-486.8500000000001
-483.75
-484.1499999999998
-465.7499999999999
-483.15000000000003
-501.8499999999999
-477.74999999999955
-471.69999999999993
-470.1500000000001
-472.34999999999997
-471.49999999999943
-482.25000000000006
-482.7000000000001
-483.64999999999975
-472.75000000000017
-466.25
-481.09999999999974
-459.6999999999999
-467.44999999999965
-471.84999999999997
-473.29999999999984
-480.3500000000001
-464.44999999999976
-477.05000000000007
-475.1999999999996
-474.8999999999995
-468.2499999999995
-467.6499999999998
-480.0000000000002
-487.4000000000003
-469.5500000000003
-469.14999999999975
-471.3499999999998
-471.4500000000002
-494.1499999999995
-474.2499999999995
-466.14999999999947
-473.94999999999976
-465.29999999999995
-469.59999999999985
-480.9499999999997
-472.9999999999999
-467.49999999999966
-480.40000000000003
-466.54999999999984
-478.39999999999975
-477.79999999999967
-487.79999999999995
-463.15000000000003
-469.39999999999975
-485.9499999999996
-462.0
-468.9499999999995
-469.0999999999998
-492.29999999999967
-477.8499999999999
-483.2500000000006
-495.2499999999998
-483.6499999999995
-463.39999999999964
-492.50000000000006
-490.2499999999993
-510.50000000000125
-477.1499999999997
-506.1999999999997
-486.39999999999986
-497.1499999999998
-485.7499999999995
-485.4499999999997
-467.29999999999995
-481.0999999999997
-495.9499999999999
-478.04999999999984
-495.04999999999984
-471.4999999999993
-474.69999999999914
-470.9499999999997
-471.6500000000001
-467.3500000000002
-474.2500000000005
-469.0999999999998
-475.29999999999944
-483.5999999999997
-475.34999999999957
-464.00000000000006
-523.8500000000006
-468.99999999999994
-473.59999999999997
-478.9999999999999
-476.14999999999964
-486.2000000000001
-490.55000000000007
-472.6500000000001
-479.4499999999994
-466.65
-471.5500000000001
-469.4499999999999
-480.9499999999996
-507.90000000000043
-482.09999999999974
-479.74999999999994
-484.59999999999974
-481.0499999999995
-454.5500000000001
-462.05000000000007
-461.5999999999998
-460.9999999999999
-486.5999999999998
-486.14999999999964
-475.7999999999995
-472.04999999999984
-475.99999999999994
-466.04999999999995
-463.1999999999997
-468.40000000000043
-460.2999999999998
-463.74999999999994
-507.09999999999934
-483.1499999999995
-466.59999999999985
-469.9999999999999
-470.2499999999998
-474.74999999999983
-462.04999999999995
-460.6499999999997
-493.4999999999997
-465.9
-476.34999999999985
-467.5000000000001
-469.89999999999986
-476.69999999999965
-488.84999999999974
-459.5999999999995
-473.89999999999986
-465.09999999999985
-465.09999999999957
-473.99999999999943
-465.45
-464.8999999999999
-491.84999999999945
-473.39999999999935
-472.09999999999985
-469.6499999999996
-464.4999999999995
-500.19999999999965
-467.19999999999953
-481.89999999999964
-475.0
-459.0499999999995
-470.0499999999999
-460.34999999999945
-467.74999999999966
-474.4999999999999
-470.2499999999996
-473.19999999999976
-474.84999999999985
-472.99999999999955
-460.89999999999986
-469.74999999999994
-472.0999999999995
-508.7999999999988
-479.99999999999983
-477.9000000000001
-472.29999999999995
-466.09999999999974
-468.14999999999986
-469.0999999999999
-468.8999999999998
-472.7500000000004
-485.34999999999957
-488.34999999999974
-476.9999999999997
-479.55000000000035
-486.7499999999995
-474.9499999999998
-481.6500000000002
-484.9499999999994
-494.84999999999974
-485.20000000000033
-473.6999999999997
-481.29999999999995
-467.84999999999974
-468.9499999999999
-482.9499999999998
-465.6499999999999
-476.35000000000093
-474.2499999999998
-468.54999999999995
-465.6499999999995
-482.9999999999998
-461.3499999999996
-476.00000000000006
-475.50000000000034
-469.8500000000001
-488.7499999999998
-468.19999999999993
-468.0999999999998
-461.34999999999974
-458.89999999999964
-464.69999999999993
-474.44999999999976
-479.55000000000024
-480.64999999999964
-479.84999999999985
-464.89999999999986
-460.99999999999994
-492.9499999999998
-472.79999999999944
-467.2499999999996
-461.74999999999994
-459.3500000000001
-482.64999999999935
-482.3999999999998
-465.20000000000016
-477.89999999999975
-485.74999999999994
-489.7499999999998
-460.49999999999955
-472.8499999999996
-470.45000000000005
-481.00000000000006
-481.89999999999986
-460.39999999999975
-476.4499999999997
-479.19999999999976
-491.1999999999994
-478.5500000000002
-475.8499999999996
-474.2499999999997
-462.84999999999985
-468.0499999999997
-476.0499999999996
-462.1499999999998
-483.1999999999995
-475.3499999999999
-467.1999999999998
-507.2499999999997
-471.1999999999999
-463.2499999999998
-465.99999999999955
-468.8999999999998
-467.24999999999994
-476.8499999999998
-489.20000000000016
-459.0999999999996
-463.0499999999993
-474.15
-459.9499999999997
-459.10000000000014
-472.99999999999994
-462.2499999999999
-468.59999999999957
-458.64999999999975
-466.59999999999957
-459.85
-459.3499999999996
-455.2999999999996
-463.24999999999994
-469.45000000000005
-463.4999999999996
-460.0499999999996
-484.04999999999944
-461.70000000000005
-480.15000000000003
-457.0499999999997
-473.95000000000016
-489.7499999999998
-497.10000000000014
-471.89999999999975
-474.3499999999999
-470.54999999999944
-473.79999999999995
-498.1000000000001
-487.89999999999986
-461.40000000000003
-461.94999999999993
-467.69999999999953
-463.3999999999998
-480.4499999999997
-465.64999999999964
-485.4499999999996
-468.10000000000014
-468.59999999999974
-461.9499999999999
-466.1499999999995
-481.04999999999956
-476.59999999999974
-466.80000000000024
-476.14999999999986
-468.85
-456.0
-460.64999999999975
-471.0
-470.6
-464.09999999999974
-460.9499999999998
-469.7500000000002
-478.54999999999956
-470.0499999999995
-466.6499999999998
-466.2999999999995
-466.0999999999999
-458.25
-479.0999999999997
-470.59999999999945
-471.69999999999976
-480.8999999999998
-464.10000000000014
-465.55000000000007
-468.4499999999996
-461.9499999999999
-467.6999999999995
-466.04999999999967
-464.5
-465.05
-471.34999999999957
-470.4999999999998
-457.4499999999998
-466.5
-469.54999999999944
-467.2499999999997
-471.70000000000005
-465.14999999999964
-480.24999999999966
-459.0999999999994
-489.8499999999994
-474.0999999999996
-468.95000000000016
-494.09999999999985
-485.6499999999997
-471.0499999999997
-477.79999999999995
-471.40000000000015
-471.1499999999998
-467.19999999999976
-485.99999999999983
-469.0000000000003
-482.34999999999957
-472.64999999999986
-478.1999999999998
-468.89999999999975
-491.5499999999996
-463.59999999999957
-462.1999999999996
-466.4499999999997
-476.89999999999975
-478.79999999999956
-477.8
-460.84999999999957
-482.3499999999995
-463.39999999999935
