0.0
0.0
8.828738203143129
5.879557763636112
4.937019286453724
3.6529355800151824
3.609144392609596
3.363777249455452
3.2451847812533376
3.4102402091026307
3.528523933291435
3.3467393857240677
3.4596619075536728
3.6014166224002837
3.6760460817813874
3.6213085722923277
3.798354908823967
3.9281892025470735
4.177911554574966
4.173284970521927
4.27796034693718
4.377270883321762
4.411718059778213
4.476839660406113
4.649069101810455
4.6380138838291165
4.799890787601471
5.183362529277802
4.966656167507171
4.976560801267624
5.04919298350811
5.072489024400711
5.160611644983292
5.077072992324829
5.133698405027389
5.068961392641068
4.970631457567215
5.113190201520919
5.185406717061997
4.893269155025482
4.914120784401893
4.691666221618652
4.478079971075058
4.479972122907639
4.565947729349136
4.4285139036178585
4.392714776992798
4.387621911764145
4.300144703388214
4.234942654371261
4.256538355350495
4.201931573152542
4.0165785402059555
3.8199592244625094
4.060387200117111
3.783781924843788
3.6042724341154098
3.483171601295471
3.330865860581398
3.318245001733303
3.161788157224655
3.261535728573799
3.1682832783460615
3.0788152864575387
3.126299774050713
3.2078543120622633
2.897755506634712
2.9057086968421935
2.902159361243248
2.962595363855362
2.9221256867051126
2.965882150530815
3.012673763036728
2.794572863280773
2.684623449742794
2.8293655478954314
2.6749495142698287
2.6911638194322585
2.6661549293994904
2.6373375660181044
2.8523582714796065
2.617857877612114
2.6616832715272905
2.5640065965056418
2.6127741807699203
2.6809948939085007
2.5147098058462145
2.4891656479239463
2.4437437254190444
2.3955488333106043
2.470852495729923
2.4883036735653876
2.273011304140091
2.298162190914154
2.3149184942245484
2.166881613433361
2.2803210359811783
2.1998816671967507
2.360805946588516
2.2216902458667755
2.072883942127228
2.0546740397810934
1.9502312895655631
1.9206064623594283
2.0794619524478914
1.9897421142458915
2.1274077400565146
1.846626380085945
1.8128152894973755
1.7575160005688668
1.8675526371598243
1.7836120611429214
1.8005812191963195
1.8005889812111855
1.6635020053386689
1.8380939264595508
1.8912154567241668
1.7213026139140128
1.683097361922264
1.565117502361536
1.6012946738302707
1.7842791286110877
1.5787567441165447
1.4310873907804489
1.3780814774334431
1.455839896351099
1.4378450456261636
1.5050311279296875
1.3809378784894943
1.5399522680044173
1.513760071247816
1.3814641870558262
1.5059289588034153
1.4808224895596505
1.3831217667460443
1.4522715830802917
1.2769109266996383
1.2544065995514393
1.3215182982385159
1.3575044745206832
1.3491312426328659
1.2683220627903937
1.3439614427089692
1.2867563484609128
1.3142131359875202
1.1949568216502666
1.2635685579478741
1.1122635264694691
1.0841685926914215
1.13025499984622
1.1640483976900577
1.1277139182388782
1.0725178346037865
1.182499164044857
1.13158175945282
1.059914737343788
1.1815370737016202
1.1026469135284425
1.0188193111121655
1.009714794009924
0.9332169612497091
0.9255620481073856
1.0935270281136036
1.0342000438272954
0.928168011456728
0.9767490105330944
0.9505170450359582
1.06819110840559
0.8835777835547924
0.8866506479680538
0.8308935943990946
0.997025435268879
0.9087013693153858
0.7686201962828636
0.826636279374361
0.7722790864109993
0.8793869516253472
0.8237187504768372
0.7727201768010855
0.7669194111973048
0.8158708686381578
0.824098741710186
0.9028393112868071
0.8038986113667488
0.7338282004743815
0.7669606526941061
0.698105479106307
0.8644292813539505
0.6879214767366648
0.7671218039095402
0.8026093435287476
0.6847811403125524
0.7641739675402641
0.7307574309408664
0.7459328933805227
0.6403349868953228
0.6143197640031576
0.7136074072867632
0.7291825026273727
0.7385042257606983
0.8044636578857899
0.605459642931819
0.7077530907839537
0.8068910007178783
0.583010845631361
0.60302087046206
0.7120246531069279
0.6157347202301026
0.6526439411193132
0.7109910011291504
0.6808104861527682
0.702188872769475
0.6319096503406763
0.5973743259161711
0.580948081985116
0.5866639496386051
0.5663445370644331
0.7383504861593246
0.6199547470360994
0.5732553259283304
0.5765815177559852
0.628681684806943
0.5518351261690259
0.5710857062786817
0.5673021436482668
0.6188972130417824
0.5831966186314821
0.560459366478026
0.6229134647548199
0.5549424307048321
0.5575305815413594
0.5343394157290459
0.5194333382695914
0.5573611222207546
0.619007369056344
0.4798289025574923
0.583605133742094
0.5356281208992004
0.590853526853025
0.5913784544914961
0.5246071173250675
0.5170729524642229
0.6042953260987997
0.5004915600270032
0.5926092159003019
0.6249942111223936
0.5541568932682276
0.5280104704201222
0.5450616919249296
0.5047664070874452
0.6568929459899664
0.5550978423655033
0.5279745028540492
0.4960665649920702
0.6434606263041496
0.6080508850887418
0.49456510331481696
0.41870420627295973
0.45720730505883694
0.46048916928470135
0.46968284353613854
0.5176659114658833
0.5163924792781472
0.5613329537212849
0.4812873619049787
0.4832418043166399
0.5189908318594099
0.5240869481116534
0.46485630184412
0.5483930409699679
0.45386518284678457
0.44550419829785826
0.522124158963561
0.45482090014964344
0.49753978207707406
0.4704832560569048
0.5239145265519619
0.5448943962529301
0.7007023318856954
0.49092745281755923
0.5864416383951903
0.4003657978400588
0.44257251664996144
0.5526453567668795
0.4468163211643696
0.5370792390406132
0.5634490341693162
0.4676555934548378
0.4567603247612715
0.455760485380888
0.549070538841188
0.5342070700228214
0.5099964787438512
0.6459585226327181
0.4849782846868038
0.4885726548358798
0.4187843621522188
0.5414965682476759
0.4693199284747243
0.4674425235018134
0.5302088379859924
0.5507975056022406
0.456016952432692
0.44315007954835894
0.42178148560225964
0.42845055464655163
0.5135651551932097
0.45188381694257257
0.3663130523264408
0.44469425223767756
0.5593715629354119
0.37047100983560083
0.5623521526157856
0.3783550240844488
0.47464118268340827
0.34747945055365564
0.4636491611227393
0.5122658526152373
0.5107032031565905
0.43030292324721814
0.46624150447547436
0.5172251908108592
0.4473184484988451
0.5627517914026976
0.4576134750247002
0.39372246332466604
0.48531130399554967
0.44595390241593125
0.5316825093887746
0.45096856098622085
0.40028659962117674
0.47352130461484193
0.44817722115665676
0.4095550841465592
0.3724158150702715
0.37224687308073046
0.38994497939944267
0.4308284829184413
0.42565612629055977
0.419574458040297
0.4345727782696486
0.4134788857400417
0.34323979809880256
0.43199906129390003
0.41165853295475247
0.4272788801789284
0.40508871506899596
0.45287647113204005
0.4270846266299486
0.40392406336963177
0.3978709828481078
0.3677908206731081
0.3510868404060602
0.4472797477990389
0.4321899350732565
0.40511875666677954
0.4177970131486654
0.4766349074244499
0.6471260604262352
0.3971071032434702
0.44242527466267345
0.4151939792186022
0.41273048482835295
0.460508696436882
0.45067533761262896
0.4573766193911433
0.39318017683923245
0.3943151092529297
0.34524971440434454
0.5246739879250526
0.41048640925437213
0.513921345025301
0.5321798300743104
0.4090776773914695
0.3858625393733382
0.4149101786315441
0.46107421766966583
0.37062617324292657
0.4444490360096097
0.45245826117694377
0.387830130904913
0.4412264523655176
0.4375599186494947
0.41328210920095443
0.36460594829171894
0.42587761413305997
0.41936705946922304
0.42245900493115185
0.3653725913725793
0.3590690152347088
0.4252430181950331
0.36571770407259463
0.4115639822930098
0.36526194389909505
0.41623015344142916
0.43763534259051085
0.3441437903046608
0.39134125761687755
0.578549936786294
0.36472386233508586
0.3886652195826173
0.43876830853521825
0.45025799904018643
0.4732324532791972
0.47513886623084545
0.3889485835656524
0.4021072886139154
0.4032536531239748
0.36195335622876884
0.673750762604177
0.350599935464561
0.5708550427854061
0.3879767500609159
0.540552970096469
0.39461032645776867
0.5272428842261434
0.3771006105095148
0.3811210046708584
0.4042240858078003
0.4100383121520281
0.4486399234086275
0.40124968968331814
0.41458589263260365
0.43138777688145635
0.42126931581646204
0.3676460437476635
0.3438361681997776
0.3987555646151304
0.4806264707818627
0.49568303748965264
0.3735082195326686
0.2925935069099069
0.4224340483173728
0.3477993180602789
0.34701713401824236
0.4116563684120774
0.3935246019437909
0.38539823167026044
0.4202155228331685
0.32302280407398937
0.3930401757732034
0.3297310733050108
0.544318833425641
0.542071741707623
0.48045707155019046
0.4471464841067791
0.3114563598111272
0.45651062358170746
0.43528403975069524
0.38730549804866315
0.4729557229578495
0.3764428528025746
0.5537022114172578
0.40033387910574675
0.5683866237848997
0.408107256218791
0.3661545240879059
0.42489685624837875
0.39135586339980366
0.5191070033237338
0.42784585040062667
0.4815319199860096
0.33312916282564403
0.39957228969782593
0.42319525316357615
0.45028027921915054
0.4012418438494205
0.7437367345392704
0.4426863098889589
0.40925566088408233
0.3550434857979417
0.4812513178214431
0.40370971977710723
0.41980386435985567
0.40382292568683625
0.38783862818032505
0.3502888897061348
0.3583923990093172
0.3865551663562655
0.5910625657998025
0.45703252345323564
0.6112811314314603
0.34009045343846084
0.5159368622303009
0.35450743075460195
0.3421302469819784
0.38874963372945787
0.4382395405694842
0.46547964680939913
0.3739172875881195
0.4089619216695428
0.4192994898930192
0.3460550573095679
0.6197634928673506
0.406790911257267
0.4982669549807906
0.35300395723432304
0.41515082862228153
0.36656213488429784
0.3478287348896265
0.36661782529205084
0.3810546762496233
0.32172370702028275
0.3953224578499794
0.4082706522382796
0.35994251795113086
0.3574462940916419
0.35217977941036227
0.5557201675698161
0.3444239569455385
0.339044152982533
0.36034299846738577
0.35001499321311713
0.3620605689659715
0.379111737459898
0.38404348894953727
0.41023763474076985
0.3833871045708656
0.4268893698975444
0.38403957422822715
0.3093054678291082
0.31735959950834514
0.39094532568007706
0.3498647394776344
0.32460487822070716
0.43029301561415195
0.3155868269875646
0.468918242752552
0.29529304839670656
0.3345024199411273
0.33794856786727906
0.3403429579362273
0.46683969512581824
0.38726960111409425
0.37511831246316435
0.4153023661673069
0.40391674943268296
0.32993509076535704
0.4565487093105912
0.3673206743225455
0.41300056513398886
0.33614854473620653
0.35482115104794504
0.3489783119596541
0.33962142407894136
0.4457231610640883
0.3645620089024305
0.42549570973962547
0.3667785946279764
0.3622013656795025
0.3218849784135818
0.35179356805980205
0.45900622542947533
0.36365841422230005
0.4209481094777584
0.42034544771537186
0.37642439045012
0.4321014903485775
0.38848471961915493
0.6695907187834382
0.4268556366115808
0.35160663273185494
0.34883136484771965
0.37438512668013574
0.3391275471821427
0.3706664402410388
0.37688804473727944
0.32464034609496595
0.4392107069864869
0.3663477366417646
0.3526424364000559
0.4430958258919418
0.3837385693192482
0.3350374371558428
0.3823421163111925
0.36841297931969164
0.48065654531121255
0.38710455283522605
0.3872266008704901
0.3528068581223488
0.31042810913175345
0.34222320150583985
0.3294191886484623
0.3102316911518574
0.3184341847524047
0.34675910230726004
0.2866056674346328
0.3465914270281792
0.41331365577876567
0.40582888282835483
0.33987634189426896
0.3358833862096071
0.3468278482183814
0.38801576405763627
0.31397546257823705
0.35131745737046005
0.4363914790377021
0.3809638415277004
0.4301076789945364
0.49558724485337735
0.37875728972256184
0.35081816498190166
0.4453542513772845
0.3607132137566805
0.31707120820879936
0.48328540168702605
0.3062408635765314
0.3261369627341628
0.309776198528707
0.34568695168942215
0.45769859846681354
0.4283327617868781
0.40314790554344654
0.3336271971464157
0.41006247367709875
0.3331374867260456
0.45177442219108344
0.34325617164373395
0.34425642680376767
0.5372344304993749
0.3481755060702562
0.3052986184135079
0.3593883072026074
0.40365555133670566
0.39572503939270975
0.3538352006673813
0.3380711613968015
0.5036878716945649
0.3247679628431797
0.29967597909271715
0.30568096719682214
0.28998675737529994
0.4583789985254407
0.5591416320204735
0.3242885830998421
0.30238510590046647
0.36555494166910646
0.44346685700118543
0.30875448070466516
0.3275233530253172
0.25215575024485587
0.31141185376793146
0.3006594311073422
0.29184603679925203
0.32796304747462274
0.499143635481596
0.43398925453424453
0.37016698367893697
0.38181614212691783
0.4250625568628311
0.2975388264656067
0.47278725635260344
0.36682828854769467
0.32482836158946155
0.37765050327405336
0.35645662143826484
0.5358830462023616
0.3958271485194564
0.41779627863317725
0.32459267631173133
0.317659541927278
0.4242845198139548
0.3559189392626286
0.39061989460140467
0.2747759890928865
0.3348082637041807
0.27099557243287564
0.32007185826078055
0.3377509548142552
0.39489552974700926
0.4903072167560458
0.29063214488327505
0.3100622351840138
0.3285572201013565
0.3454045942053199
0.33179666075855496
0.32777497556060553
0.3000658344849944
0.35791384387761355
0.33939982622861864
0.33216629676520826
0.4229590457305312
0.30822867050766944
0.43283977773040533
0.3594090741500258
0.32512126669287683
0.35893360290676357
0.3581018361449242
0.33334165139123795
0.3029879032447934
0.3838187577947974
0.3431185070797801
0.3065290930494666
0.3974390558898449
0.4589292985573411
0.3756583209708333
0.3429058837145567
0.3734959859028459
0.3976507066935301
0.37772532474249604
0.2899734024517238
0.3988520919159055
0.30602226078510286
0.24627032540738583
0.29837464828044175
0.30144846145063636
0.32497569810599086
0.27466920618899165
0.23629560731351376
0.38447322204709056
0.31174534672871235
0.39852187179028986
0.34613914135843515
0.4473464688286185
0.5863627753406763
0.3611103054881096
0.3546238010749221
0.39663932293653487
0.2915664010494947
0.2733476916514337
0.34789536096155643
0.3681926211342216
0.3804088061489165
0.35184255268424747
0.33181679975241424
0.28720172265544536
0.34157213728874924
0.2967337201721966
0.3921031463891268
0.2923315439000726
0.29794094214215877
0.2991445705667138
0.3103254998475313
0.3660848255455494
0.3882504190504551
0.27353849038481715
0.5232540707290173
0.301741291731596
0.34250224877148866
0.45253539495170114
0.38331812227144835
0.5292789684049786
0.3281385570764542
0.2996783016435802
0.3585618659667671
0.32199904721230266
0.30960722889751197
0.27740358367562296
0.2961253420636058
0.2973735981807113
0.3124223531410098
0.4094740742072463
0.3146370327658951
0.33237820129841567
0.2983404822833836
0.38321976060047747
0.3059266049042344
0.35305348847061396
0.4333067412301898
0.3507967374101281
0.3475099368020892
0.24538166277110576
0.2719780014827847
0.2791849984228611
0.4557151754572988
0.3039859388396144
0.3599796559289098
0.2994767985492945
0.3500220292247832
0.35446626029908657
0.26918058974668385
0.38075712967664005
0.3137132116034627
0.31555542416870597
0.3804429429024458
0.31870224583894013
0.2483392656594515
0.3771059058234096
0.3774299857392907
0.35886036805808547
0.292041800301522
0.333350713327527
0.3761862008646131
0.3031708488613367
0.22660145930945874
0.28984510760754345
0.30552016012370586
0.29091063775122167
0.2689323893934488
0.42131897863000634
0.297542471177876
0.4418419395014644
0.38233253873884676
0.31592483319342135
0.33723803631961347
0.36432356126606463
0.32455763380974534
0.24604896487668157
0.32491458032280207
0.29138123374432323
