-1950.2499999999998
-1939.7000000000003
-1983.6
-1973.65
-1983.6
-1978.75
-1973.7500000000002
-1949.5
-1971.7
-1969.8
-1983.6
-1983.6
-1983.1
-1983.35
-1980.6
-1970.5
-1978.75
-1982.6
-1973.85
-1983.6
-1983.55
-1974.8000000000002
-1983.6
-1973.3
-1983.6
-1983.6
-1983.6
-1983.6
-1975.45
-1971.1
-1983.55
-1979.6499999999999
-1978.95
-1981.75
-1983.6
-1983.6
-1983.1
-1983.6
-1982.6
-1983.6
-1979.5
-1983.6
-1980.3000000000002
-1983.6
-1982.8
-1983.6
-1983.6
-1983.45
-1979.7
-1983.6
-1978.6999999999998
-1983.6
-1979.6499999999999
-1969.8500000000001
-1983.6
-1983.6
-1983.6
-1983.6
-1983.5
-1983.6
-1983.4
-1983.6
-1983.6
-1983.6
-1983.6
-1983.55
-1983.6
-1983.5500000000002
-1983.6
-1983.6
-1983.6
-1983.6
-1979.55
-1977.75
-1983.6
-1977.8
-1983.6
-1983.6
-1983.6
-1983.6
-1978.1
-1983.6
-1980.6999999999998
-1983.6
-1983.6
-1983.6
-1983.6
-1983.3500000000001
-1983.6
-1983.6
-1983.6
-1983.6
-1983.6
-1983.6
-1983.6
-1983.6
-1983.6
-1983.6
-1983.6
-1983.6
-1983.6
-1983.6
-1983.6
-1983.6
-1983.6
-1983.6
-1983.6
-1983.6
-1983.6
-1983.6
-1983.6
-1983.6
-1983.6
-1983.6
-1983.6
-1983.6
-1983.6
-1983.6
-1983.6
-1983.6
-1983.6
-1983.6
-1983.6
-1983.6
-1983.6
-1983.6
-1983.6
-1983.6
-1983.6
-1983.6
-1983.6
-1983.6
-1983.6
-1983.6
-1983.6
-1983.6
-1983.6
-1983.6
-1983.6
-1983.6
-1983.6
-1983.6
-1983.6
-1983.6
-1983.6
-1983.6
-1983.6
-1983.6
-1983.6
-1983.6
-1983.6
-1983.6
-1983.6
-1983.6
-1983.6
-1983.6
-1983.6
-1983.6
-1983.6
-1983.6
-1983.6
-1983.6
-1983.6
-1983.6
-1983.6
-1983.6
-1983.6
-1983.6
-1983.6
-1983.6
-1983.6
-1983.6
-1983.6
-1983.6
-1983.6
-1983.6
-1983.6
-1983.6
-1983.6
-1983.6
-1983.6
-1983.6
-1983.6
-1983.6
-1983.6
-1983.6
-1983.6
-1983.6
-1983.6
-1983.6
-1983.6
-1983.6
-1983.6
-1983.6
-1983.6
-1983.6
-1983.6
-1983.6
-1983.6
-1983.6
-1983.6
-1983.6
-1983.6
-1983.6
-1983.6
-1983.6
-1983.6
-1983.6
-1983.6
-1983.6
-1983.6
-1983.6
-1983.6
-1983.6
-1983.6
-1983.6
-1983.6
-1983.6
-1983.6
-1983.6
-1983.6
-1983.6
-1983.6
-1983.6
-1983.6
-1983.6
-1983.6
-1983.6
-1983.6
-1983.6
-1983.6
-1983.6
-1983.6
-1983.6
-1983.6
-1983.6
-1983.6
-1983.6
-1983.6
-1983.6
-1983.6
-1983.6
-1983.6
-1983.6
-1983.6
-1983.6
-1983.6
-1983.6
-1983.6
-1983.6
-1983.6
-1983.6
-1983.6
-1983.6
-1983.6
-1983.6
-1983.6
-1983.6
-1983.6
-1983.6
-1983.6
-1983.6
-1983.6
-1983.6
-1983.6
-1983.6
-1983.6
-1983.6
-1983.6
-1983.6
-1983.6
-1983.6
-1983.6
-1983.6
-1983.6
-1983.6
-1983.6
-1983.6
-1983.6
-1983.6
-1983.6
-1983.6
-1983.6
-1983.6
-1983.6
-1983.6
-1983.6
-1983.6
-1983.6
-1983.6
-1983.6
-1983.6
-1983.6
-1983.6
-1983.6
-1983.6
-1983.6
-1983.6
-1983.6
-1983.6
-1983.6
-1983.6
-1983.6
-1983.6
-1983.6
-1983.6
-1983.6
-1983.6
-1983.6
-1983.6
-1983.6
-1983.6
-1983.6
-1983.6
-1983.6
-1983.6
-1983.6
-1983.6
-1983.6
-1983.6
-1983.6
-1983.6
-1983.6
-1983.6
-1983.6
-1983.6
-1983.6
-1983.6
-1983.6
-1983.6
-1983.6
-1983.6
-1983.6
-1983.6
-1983.6
-1983.6
-1983.6
-1983.6
-1982.8
-1983.6
-1983.6
-1983.6
-1983.6
-1983.6
-1983.6
-1983.6
-1983.6
-1983.6
-1983.6
-1983.6
-1983.6
-1983.6
-1983.6
-1983.6
-1983.6
-1983.6
-1983.6
-1983.6
-1983.6
-1983.6
-1983.6
-1983.6
-1983.6
-1983.6
-1983.6
-1983.6
-1983.6
-1983.6
-1983.6
-1983.6
-1983.6
-1983.6
-1983.6
-1983.6
-1983.6
-1983.6
-1983.6
-1983.6
-1983.6
-1983.6
-1983.6
-1983.6
-1983.6
-1983.6
-1983.6
-1983.6
-1983.6
-1983.6
-1983.6
-1983.6
-1983.6
-1983.6
-1983.6
-1983.6
-1983.6
-1983.6
-1983.6
-1983.6
-1983.6
-1983.6
-1983.6
-1983.6
-1983.6
-1983.6
-1983.6
-1983.6
-1983.6
-1983.6
-1983.6
-1983.6
-1983.6
-1983.6
-1983.6
-1983.6
-1983.6
-1983.6
-1983.6
-1983.6
-1983.6
-1983.6
-1983.6
-1983.6
-1983.6
-1983.6
-1983.6
-1983.6
-1983.6
-1983.6
-1983.6
-1983.6
-1983.6
-1983.6
-1983.6
-1983.6
-1983.6
-1983.6
-1983.6
-1983.6
-1983.6
-1983.6
-1983.6
-1983.6
-1983.6
-1983.6
-1983.6
-1983.6
-1983.6
-1983.6
-1983.6
-1983.6
-1983.6
-1983.6
-1983.6
-1983.6
-1983.6
-1983.6
-1983.6
-1983.6
-1983.6
-1983.6
-1983.6
-1983.6
-1983.6
-1983.6
-1983.6
-1983.6
-1983.6
-1983.6
-1983.6
-1983.6
-1983.6
-1983.6
-1983.6
-1983.6
-1983.6
-1983.6
-1983.6
-1983.6
-1983.6
-1983.6
-1983.6
-1983.6
-1983.6
-1983.6
-1983.6
-1983.6
-1983.6
-1983.6
-1983.6
-1983.6
-1983.6
-1983.6
-1983.6
-1983.6
-1983.6
-1983.6
-1983.6
-1983.6
-1983.6
-1983.6
-1983.6
-1983.6
-1983.6
-1983.6
-1983.6
-1983.6
-1983.6
-1983.6
-1983.6
-1983.6
-1983.6
-1983.6
-1983.6
-1983.6
-1983.6
-1983.6
-1983.6
-1983.6
-1983.6
-1983.6
-1983.6
-1983.6
-1983.6
-1983.6
-1983.6
-1983.6
-1983.6
-1983.6
-1983.6
-1983.6
-1983.6
-1983.6
-1983.6
-1983.6
-1983.6
-1983.6
-1983.6
-1983.6
-1983.6
-1983.6
-1983.6
-1983.6
-1983.6
-1983.6
-1983.6
-1983.6
-1983.6
-1983.6
-1983.6
-1983.6
-1983.6
-1983.6
-1983.6
-1983.6
-1983.6
-1983.6
-1983.6
-1983.6
-1983.6
-1983.6
-1983.6
-1983.6
-1983.6
-1983.6
-1983.6
-1983.6
-1983.6
-1983.6
-1983.6
-1983.6
-1983.6
-1983.6
-1983.6
-1983.6
-1983.6
-1983.6
-1983.6
-1983.6
-1983.6
-1983.6
-1983.6
-1983.6
-1983.6
-1983.6
-1983.6
-1983.6
-1983.6
-1983.6
-1983.6
-1983.6
-1983.6
-1983.6
-1983.6
-1983.6
-1983.6
-1983.6
-1983.6
-1983.6
-1983.6
-1983.6
-1983.6
-1983.6
-1983.6
-1983.6
-1983.6
-1983.6
-1983.6
-1983.6
-1983.6
-1983.6
-1983.6
-1983.6
-1983.6
-1983.6
-1983.6
-1983.6
-1983.6
-1983.6
-1983.6
-1983.6
-1983.6
-1983.6
-1983.6
-1983.6
-1983.6
-1983.6
-1983.6
-1983.6
-1983.6
-1983.6
-1983.6
-1983.6
-1983.6
-1983.6
-1983.6
-1983.6
-1983.6
-1983.6
-1983.6
-1983.6
-1983.6
-1983.6
-1983.6
-1983.6
-1983.6
-1983.6
-1983.6
-1983.6
-1983.6
-1983.6
-1983.6
-1983.6
-1983.6
-1983.6
-1983.6
-1983.6
-1983.6
-1983.6
-1983.6
-1983.6
-1983.6
-1983.6
-1983.6
-1983.6
-1983.6
-1983.6
-1983.6
-1983.6
-1983.6
-1983.6
-1983.6
-1983.6
-1983.6
-1983.6
-1983.6
-1983.6
-1983.6
-1983.6
-1983.6
-1983.6
-1983.6
-1983.6
-1983.6
-1983.6
-1983.6
-1983.6
-1983.6
-1983.6
-1983.6
-1983.6
-1983.6
-1983.6
-1983.6
-1983.6
-1983.6
-1983.6
-1983.6
-1983.6
-1983.6
-1983.6
-1983.6
-1983.6
-1983.6
-1983.6
-1983.6
-1983.6
-1983.6
-1983.6
-1983.6
-1983.6
-1983.6
-1983.6
-1983.6
-1983.6
-1983.6
-1983.6
-1983.6
-1983.6
-1983.6
-1983.6
-1983.6
-1983.6
-1983.6
-1983.6
-1983.6
-1983.6
-1983.6
-1983.6
-1983.6
-1983.6
-1983.6
-1983.6
-1983.6
-1983.6
-1983.6
-1983.6
-1983.6
-1983.6
-1983.6
-1983.6
-1983.6
-1983.6
-1983.6
-1983.6
-1983.6
-1983.6
-1983.6
-1983.6
-1983.6
-1983.6
-1983.6
-1983.6
-1983.6
-1983.6
-1983.6
-1983.6
-1983.6
-1983.6
-1983.6
-1983.6
-1983.6
-1983.6
-1983.6
-1983.6
-1983.6
-1983.6
-1983.6
-1983.6
-1983.6
-1983.6
-1983.6
-1983.6
-1983.6
-1983.6
-1983.6
-1983.6
-1983.6
-1983.6
-1983.6
-1983.6
-1983.6
-1983.6
-1983.6
-1983.6
-1983.6
-1983.6
-1983.6
-1983.6
-1983.6
-1983.6
-1983.6
-1983.6
-1983.6
-1983.6
-1983.6
-1983.6
-1983.6
-1983.6
-1983.6
-1983.6
