0.0
3.3279652509136475
2.745720375294222
2.0663435728198682
1.824237827622928
1.5026165674317558
1.1641054691200377
0.9245359845459461
0.832928147353232
0.7805786098860488
0.7474281357500119
0.7491284227145583
0.720028386557404
0.7013986912038591
0.6838005980488601
0.6404257368811457
0.6150591314785064
0.5615409367614322
0.5890880370027967
0.5367223294511918
0.5269232505597526
0.5504797356400842
0.5810269569135775
0.543255841018111
0.4776065946583579
0.5181608700257171
0.5792287373764615
0.553371134289453
0.5368341600594969
0.5501684873960793
0.6381365911133827
0.5732139014656756
0.5774423020981974
0.6021878952701245
0.5772596721447283
0.47783407858809474
0.5166656644776081
0.6772214622511061
0.5723298525848945
0.6164915178296635
0.5820073638243969
0.5239877428655839
0.5265299038003428
0.5882452382137636
0.6218500156556407
0.5429592005386474
0.606358000491896
0.4968581561204106
0.5601122469360967
0.5489646458582392
0.6824043203472897
0.5365960780980145
0.6601989458907734
0.5277277877340552
0.5952454085874712
0.6086008341426586
0.5939804307275242
0.5582754748684713
0.5875392896214536
0.5674783964489215
0.6616867479740405
0.46802600822935536
0.6142185218632221
0.5763886047604556
0.7770230344346454
0.6166792098715557
0.63786000924245
0.5840886571848043
0.6155075543713802
0.6473926252874187
0.5331154828170134
0.5759390935988971
0.5631370587427108
0.5721345039078526
0.5518590442158959
0.6008209278898052
0.5671729452787868
0.6446528721150327
0.6750095908215584
0.705001156379297
0.6264025648321702
0.5062173486675148
0.7375434628243442
0.66395435071621
0.6130593815842309
0.48632345017731976
0.7105686229781485
0.7143237004853099
0.6177970114043385
0.6664700793825384
0.6346528738545452
0.6946769086153883
0.5860299693218841
0.635443458511298
0.6067700028555635
0.7056823969375892
0.6288253192414904
0.642234293188228
0.6799906145914758
0.625709551582767
0.6943118317694369
0.5997004947125517
0.6629763081509976
0.6042436251478891
0.6055714816103379
0.6464057021951894
0.5279876595511046
0.4830317550090452
0.6012358852844698
0.6462800521154368
0.7356471091706231
0.5490114199078063
0.5733571963067039
0.6069973648596939
0.5800859775441657
0.6492893479360071
0.5959328972352821
0.7083942876845006
0.6658150009171601
0.5889147750713645
0.6376326242056878
0.5896656837926915
0.573442220321546
0.5965642851659063
0.5700849520500566
0.6402414049892747
0.6051304143170516
0.5884954864710668
0.5695115415113313
0.6597885806113482
0.6244656542217396
0.6996817746569239
0.6308778922554035
0.7115107729343267
0.6463805802299508
0.512967755266043
0.6672319558800244
0.6657101929560304
0.7791386947060138
0.6665135098414289
0.6379348401203009
0.6226918276288356
0.669702001856609
0.7552386470774444
0.7302548320920661
0.7251397653844863
0.6664863574448265
0.6823546937589992
0.737538965370711
0.7310077864059944
0.7312254901987769
0.8001123143378461
0.7584202394089443
0.7413687149585202
0.7541650513440766
0.7702808356506027
0.7788241133882576
0.6876245439113254
0.8432849126163487
0.7993905273339662
0.715651230710303
0.8191244835986851
0.8104445851414196
0.8241460328549146
0.8326950378913358
0.7905708698780315
0.8761254717159608
0.9162092131036933
0.8491234847792436
0.8282710348193845
0.9319640431303259
0.8596102675529802
0.8281778667024733
0.8268277218851906
0.8851005869233816
0.8902305158665806
0.8480405365259736
0.8821193849844103
0.8379776756413967
0.7644736886872808
0.8142751381846249
0.7658791586401916
0.7797670379821812
0.8833430432930224
0.7938707301399339
0.7875194124621796
0.7532027945254404
0.8457969135607737
0.7523482238152815
0.7617225113752062
0.765472347875599
0.8151471834311164
0.7387365560898735
0.7076246425252151
0.7108946389978729
0.716864856584938
0.7172899340447154
0.6584381528804639
0.7024292581754648
0.7466411601557891
0.6738967720961926
0.7330888309601717
0.6880263350096841
0.637673587860917
0.638113371081183
0.8151894844893832
0.6898948346776888
0.5934884020069321
0.7109756275764681
0.7046465155304662
0.6550139582787569
0.5805040579047296
0.5739006547572704
0.6066245642231136
0.6046060917577448
0.6920868793532985
0.5533771625142603
0.6336294812351173
0.6172319346271894
0.618944493872295
0.6370462143891736
0.6292726646197907
0.6235580431006917
0.7694051294511215
0.5079565541875354
0.6454064595760248
0.5551095961177578
0.6226831987960499
0.6816218669595155
0.6245386590196377
0.5530780454607704
0.6555633594175099
0.6895805466613781
0.6977473826539752
0.6572897776311851
0.626698870920984
0.5405022681960745
0.6221749458462
0.6944730704153578
0.7035234286541155
0.6672224635780841
0.7619054027084933
0.8572245823921727
0.6190733846573048
0.6765103548031226
0.6714702703313544
0.699300368470664
0.7271340804998991
0.6684592736207626
0.6906308817153711
0.8088635305614501
0.6849215276233974
0.7335713171918059
0.7574592913566375
0.7247198503156076
0.5784483878672415
0.6763876881937381
0.7440086642010627
0.6702289892952668
0.7202941419129245
0.6837679541173689
0.6542507043548387
0.5902975422192792
0.6331115011217109
0.7374674777270525
0.7472163826288258
0.6845861953786678
0.771375501290208
0.660543651638732
0.7164259232913718
0.7519693625266435
0.6122943476585099
0.6227870883267433
0.5873774868115539
0.6068813166934145
0.6841487921256986
0.6882370772115031
0.7088170351674322
0.7193044398224256
0.6520458563786085
0.7219424150688084
0.6265396559672234
0.6606239885716748
0.6806681550829518
0.575482499620289
0.6940044361548345
0.6287167613572648
0.5998611151528741
0.6117249041470993
0.6494030492114169
0.6687308443204981
0.6208758422359825
0.6517153296446958
0.6050653288659991
0.5976736537470925
0.613824686792786
0.6201264814458421
0.6599096601841228
0.7372746998198306
0.6173480708833808
0.6806372169302414
0.6814204787446914
0.6585073790955739
0.6925046822656221
0.7400823346252818
0.6151284629363396
0.6362143537085133
0.69687526898863
0.7382650831191748
0.6806945679740256
0.6304006587216443
0.7075178012801487
0.6501680994500415
0.7756355362261335
0.735513116414998
0.6313231867269323
0.558639240068212
0.6266616230403058
0.5766611243324244
0.5510023263169348
0.6682886126344321
0.7412814076539446
0.5780696041027054
0.6436309465497244
0.5694439621522062
0.5738593673187435
0.5580319364809686
0.6113307216941873
0.6043073721017677
0.5904970782796786
0.5352089457091738
0.5516902265394581
0.6265156043174326
0.6239013226004317
0.5270661819237666
0.6783255150351722
0.6429064140460712
0.6293126048071451
0.697138967778206
0.6277876911519439
0.7448224211234612
0.7205498262529114
0.6665421077993765
0.6409905091617498
0.6374972786735866
0.4878255500300945
0.7578708789275064
0.6542633475617422
0.6337714793456607
0.7603406793139752
0.7027496673949427
0.7112870322235051
0.7276056154829557
0.6918269778589571
0.6657101302697767
0.7093138668040921
0.6127528447190645
0.6037624281397277
0.6548326939416976
0.7285045771050405
0.606720580412014
0.6659195992754761
0.6314499815070971
0.6693314454570511
0.6765290653504628
0.702922113362712
0.6651889566742004
0.6374351993050488
0.701220758995194
0.7892916472016
0.78461955406427
0.5728069733105305
0.7058095520764005
0.6862520843339888
0.6389873938580208
0.6349371918552958
0.5809583066264936
0.6331691735343922
0.5861947033830036
0.6394813017925727
0.650682675885795
0.6957799371179254
0.5836781299627218
0.6516675648447432
0.7087951652220029
0.6916528000212614
0.6980549557497202
0.7255419352654331
0.6720893035885622
0.6329933932437072
0.6813580420959914
0.6142116765900463
0.7001709278306512
0.6275752961289051
0.5873315665661896
0.6380740237747025
0.6884792810490373
0.5905352064989285
0.6362184163468134
0.683440906672714
0.6113823296838119
0.5692309737452214
0.5990879222640375
0.6892443025002002
0.6517339009467674
0.6622167962323874
0.6832552700622105
0.542824189390729
0.6916817314493912
0.6336921037131008
0.5820223733317107
0.6993808048316028
0.719100874638962
0.6671493118874753
0.5278300356455758
0.7269020853502466
0.7164627924673633
0.6707440047210317
0.6960155851772574
0.6452635308856717
0.5897786928328619
0.676651327574881
0.7656198233285566
0.6118403110461963
0.6410022376430998
0.4822318881950326
0.638636878999011
0.6843863768889079
0.6039747585764538
0.6363331202158569
0.6901360830810193
0.7393856812573847
0.6325431214461691
0.5227490467210578
0.538015043396345
0.6084612782389314
0.668706063199483
0.6009977956489958
0.6285435745597082
0.667547086650266
0.6807016343339453
0.602220141725375
0.6133534832109437
0.6876153545114921
0.616729624971163
0.5856618034462544
0.6536110768467188
0.5416017799837396
0.6819205129274823
0.7490645948663549
0.6087124461780903
0.6959555463719309
0.6992142727808249
0.6954263367110723
0.5573383219473597
0.671755971176336
0.6183266505236329
0.6877915685529216
0.6386210273624404
0.5834217173604911
0.601009054945493
0.5580615216848563
0.5998623122751224
0.7798281062406676
0.7465436726949937
0.6746473547987274
0.533131955376524
0.6205389497820104
0.627690707585427
0.6151420036574302
0.5752038016563763
0.5961104771523237
0.574191503675624
0.6424939501259649
0.693313054768092
0.543078750750569
0.7703669376605007
0.5849642910621453
0.6261077497233348
0.6456659357896112
0.5693988203695013
0.7079031631869616
0.7804725898047354
0.6848493066194683
0.6285967888267662
0.6352555243573228
0.5844823829033167
0.4635738289635321
0.6885448603471432
0.6613350562677768
0.5277039270994126
0.5490856964560534
0.5852747099603167
0.696960859059276
0.6166154107035878
0.7272346906333429
0.655950053960231
0.6290478150844329
0.5792262604453973
0.6009323932991357
0.571971531729183
0.5791336952718006
0.5953677638514053
0.5067197569049408
0.5546947876604176
0.5839592992744752
0.6745871852876412
0.7133487428706444
0.5844060312956572
0.6260906695114339
0.5680363339702644
0.463781882922732
0.5287959002905062
0.6702193341024414
0.6057153577809451
0.6629009341657259
0.6791279026629781
0.7487359843369014
0.7045517073171153
0.46595447982859906
0.6527999554170307
0.6416239569238463
0.4990923649695988
0.6000707751102993
0.5898978405644414
0.6563159034322232
0.5557476298649184
0.5911526286740176
0.6745385453717685
0.582080719158589
0.6314924617316451
0.6257707067036434
0.5541192507279096
0.5511702738708527
0.6117402660051123
0.5992452260290013
0.5293379793533435
0.6984203614966302
0.6640179690156803
0.5738180301411718
0.567325910099849
0.5603374178727271
0.6958394512167719
0.626815756028092
0.7077893036399282
0.6894645975322509
0.5342480130432571
0.6196220414406302
0.6130877057004054
0.6264574777814421
0.5576114111910424
0.6060918939345684
0.6081987665505102
0.6883588585402131
0.6827723687922497
0.6468947973957316
0.667421459256992
0.6482399289337979
0.5844773572394686
0.6165755006368272
0.6233681844418296
0.6286326208264121
0.6026255807435761
0.59735506284357
0.5601398715148925
0.6020941556782508
0.6454958384678622
0.5987770187447926
0.5574698036806168
0.6405162423677546
0.7390316736143033
0.5493839101993716
0.5076789287819112
0.6668722647651046
0.64334481722657
0.6012700357698765
0.55532529180269
0.5574243875410986
0.6117918518563079
0.7323012745050904
0.7362923199280363
0.5455556777709474
0.7507941616168677
0.6166231250054524
0.6600406805929893
0.6174055824198125
0.5338055848094653
0.6762839867011106
0.6404216966619438
0.6166245807206533
0.7685848081134038
0.7303144371704451
0.7773244462232801
0.6131537248189364
0.7372941136027112
0.5503977060546198
0.6131295896079761
0.6945133809407322
0.6472614443439855
0.6004501468470941
0.5697742776747867
0.5814905894136932
0.49437494590634207
0.5049491420657816
0.5091160857011088
0.5655522462483006
0.5800962409966935
0.6909109007263946
0.7118113521093091
0.573643265373923
0.56917140832612
0.6706994834783251
0.63146504921999
0.6303498079885378
0.6297186333199147
0.561221282723246
0.5475346993704145
0.6292587610441122
0.5703113063998324
0.6468136378257544
0.6238023203668969
0.6026288769722122
0.5484044372961663
0.706750657686976
0.6186789130169084
0.6143683923487263
0.6357487567239305
0.5037213116945503
0.6366093676777815
0.6959909249170877
0.6077385979947378
0.6502184627032349
0.5015648146046221
0.5652135308421413
0.6393305746479081
0.5659222367164483
0.5915435371846941
0.523992871308062
0.5022367133160696
0.640820819384955
0.6100032741646513
0.6578009024072488
0.5536415795004299
0.5806152234373034
0.6191918923579637
0.6025501941854985
0.6295382010261759
0.7247066950820238
0.684338187177976
0.5533682722537043
0.5926003949931137
0.6278131458760294
0.7529506836183587
0.5888912112959801
0.550577726727664
0.627839263339886
0.7780779151134933
0.5941080392973609
0.5912920337861145
0.5729540333605224
0.5302524753006511
0.575856484140795
0.6472827970834547
0.6738920277900627
0.7123666326469574
0.5611055920041925
0.6756666694609974
0.5421326113280782
0.5757601689455394
0.6621634032970706
0.5647070217266923
0.6522405770705976
0.6513531052705939
0.7506533840720361
0.7684115106331821
0.6471480742697359
0.6586029627650488
0.6246265880947345
0.5692864466003655
0.6668941706646443
0.6660616153070439
0.5343737449973475
0.6432473291383415
0.567640978166766
0.6869759986189422
0.6788135764304719
0.5850952174051954
0.5844029975247057
0.6890897337744226
0.5281499813006508
0.6434860307896553
0.6377353643449578
0.6106896610244325
0.5769805828994601
0.5495173215395787
0.5575948487045151
0.5091258422009005
0.6247200368272278
0.49430602108533694
0.6660605604327393
0.5584409427063196
0.5894884860192408
0.5769245017640638
0.550635300834026
0.6195723126732134
0.587177030462163
0.5662313143572103
0.622207633448673
0.5564156731802434
0.46108745627325814
0.5898674414431873
0.5669126995459297
0.666638735550039
0.6293531822937737
0.640971119723237
0.6793198499859112
0.5789205244884914
0.5958347003506065
0.638285857946026
0.5200795867073269
0.5923509614215239
0.5775313324442035
0.5914764718495702
0.5727456656025587
0.6465723285586328
0.7232027633390465
0.6260309463354531
0.5907580731004871
0.5886617453188682
0.6011676315637614
0.6112733530780922
0.6294685909616166
0.703552096878604
0.6322410705490069
0.5582577913454244
0.5730537501879946
0.5881542498831767
0.6263980697595367
0.5562423211769109
0.6086086324625802
0.6184674006478743
0.633995034173131
0.6840116834765909
0.5584692162110424
0.6135934938325501
0.6802798881631753
0.6118883825533215
0.5026237895467975
0.53298562286508
0.5052384293561832
0.6857701034519501
0.6629129194517116
0.5965194002492353
0.5510167268949826
0.6206408372606899
0.652257733148106
0.5692542535909375
0.5963057527685018
0.5588271363889553
0.578976756278364
0.573344168416687
0.7053679413177439
0.5314130632200671
0.5670456978217064
0.5716031259719709
0.62535215993902
0.6013839163089677
0.6387406602649894
0.6685762456725828
0.5365027501785716
0.5751881532916358
0.5663779416778049
0.6499511305156429
0.5284460262716061
0.6729538832321164
0.551592373148244
0.5353623944870348
0.5370638865109497
0.6100286574626427
0.6121119655252091
0.5358742625666071
0.5879080565646291
0.5768288244335507
0.6972756215513048
0.4731659464830277
0.5849881334824635
0.5604910833889766
0.5876997602950843
0.5831563878315883
0.5713158937747052
0.6435170344965764
0.48585361502879604
0.599728124063523
0.5185154236471987
0.6341675378418729
0.5948487045426594
0.5690194710623473
0.6764419674690739
0.5874003534523868
0.4944630021748484
