-1982.55
-1963.8
-1983.6
-1983.6
-1983.6
-1983.1
-1982.0500000000002
-1978.2
-1973.9
-1983.6
-1983.6
-1983.6
-1982.8
-1983.6
-1982.55
-1959.45
-1983.6
-1983.6
-1978.6
-1979.4
-1983.5
-1977.8
-1983.5
-1971.75
-1963.8
-1939.5499999999997
-1937.3999999999999
-1855.3499999999997
-1905.25
-1953.7
-1913.3000000000002
-1828.75
-1850.1000000000001
-1898.7499999999998
-1909.6
-1924.55
-1875.1999999999998
-1877.0000000000002
-1747.9
-1928.6000000000001
-1851.0500000000002
-1769.25
-1759.6999999999998
-1833.35
-1726.75
-1764.55
-1739.5500000000002
-1715.65
-1832.9
-1677.2500000000002
-1814.9999999999998
-1782.1000000000004
-1685.5000000000002
-1864.45
-1781.9500000000003
-1835.1000000000001
-1750.3000000000002
-1764.0
-1751.5
-1754.6500000000003
-1818.3499999999997
-1732.6499999999999
-1745.95
-1773.05
-1759.95
-1704.5
-1803.4
-1740.2999999999997
-1836.2500000000002
-1748.9000000000003
-1727.7000000000003
-1744.05
-1776.9499999999998
-1750.6500000000003
-1674.95
-1767.4499999999998
-1791.85
-1805.45
-1740.15
-1787.3500000000001
-1799.7499999999998
-1689.9999999999998
-1910.8
-1835.35
-1820.6499999999996
-1797.0000000000005
-1837.2500000000002
-1733.3000000000002
-1764.7500000000005
-1803.7499999999998
-1858.7999999999997
-1790.1500000000003
-1740.85
-1850.35
-1698.7000000000003
-1757.5000000000005
-1749.3
-1791.6999999999998
-1777.05
-1771.8999999999999
-1836.6999999999998
-1848.25
-1742.6499999999999
-1731.9500000000005
-1805.8000000000004
-1820.1499999999996
-1790.4500000000003
-1914.8999999999999
-1780.3500000000001
-1801.25
-1754.8500000000001
-1802.2
-1811.75
-1892.8000000000006
-1717.0
-1713.7000000000003
-1791.1499999999996
-1741.05
-1781.95
-1770.4499999999998
-1737.1499999999999
-1717.45
-1739.7499999999998
-1716.55
-1808.8
-1726.8
-1794.2000000000003
-1708.4499999999998
-1738.4999999999998
-1685.5000000000002
-1894.45
-1727.3999999999996
-1740.35
-1720.1000000000001
-1734.0000000000002
-1719.2500000000002
-1822.6000000000001
-1740.1000000000001
-1768.8999999999999
-1735.0500000000004
-1817.55
-1836.8500000000001
-1805.0500000000002
-1758.2500000000002
-1924.1999999999998
-1791.1
-1780.75
-1713.25
-1774.3499999999997
-1842.0500000000002
-1770.5000000000002
-1767.7
-1840.6499999999996
-1752.5500000000002
-1722.75
-1793.0000000000002
-1735.75
-1903.65
-1834.2
-1829.1999999999998
-1783.8
-1666.4499999999998
-1771.6500000000003
-1716.1499999999999
-1892.5
-1767.9
-1746.7500000000002
-1751.3500000000001
-1833.25
-1731.1000000000001
-1812.9499999999996
-1843.95
-1858.3
-1765.2
-1853.5000000000005
-1735.3000000000002
-1706.95
-1836.3499999999997
-1736.8000000000002
-1771.3000000000002
-1823.0999999999997
-1728.1
-1792.3500000000001
-1707.7000000000005
-1878.9
-1713.8000000000002
-1737.1499999999994
-1796.4999999999998
-1779.25
-1773.65
-1815.9999999999998
-1756.3500000000001
-1762.7
-1826.7499999999998
-1755.4
-1738.45
-1829.1500000000003
-1843.0500000000002
-1787.7500000000007
-1874.0500000000002
-1885.55
-1797.1999999999996
-1750.6499999999996
-1695.7
-1774.9
-1691.0500000000002
-1764.4499999999998
-1859.05
-1784.2
-1768.5
-1798.55
-1733.1
-1749.9999999999998
-1881.5500000000002
-1765.3999999999999
-1769.0000000000002
-1700.3
-1794.0500000000004
-1685.5499999999997
-1804.25
-1776.7500000000002
-1708.6000000000001
-1810.55
-1782.1999999999996
-1808.75
-1751.3500000000004
-1755.6999999999996
-1886.7
-1689.6999999999998
-1786.8000000000004
-1748.5000000000002
-1845.1
-1785.5500000000002
-1860.1500000000003
-1794.0500000000002
-1718.3499999999997
-1812.9999999999998
-1757.4
-1736.8500000000004
-1783.7000000000003
-1751.2500000000002
-1801.85
-1791.9500000000005
-1851.25
-1877.4999999999998
-1817.9999999999998
-1674.45
-1794.4
-1805.4500000000003
-1776.0
-1721.0499999999997
-1881.7000000000003
-1781.2499999999998
-1786.2
-1842.5000000000005
-1736.35
-1864.0499999999995
-1787.3
-1681.2
-1840.4499999999998
-1790.9500000000003
-1841.55
-1723.2
-1715.6499999999996
-1869.55
-1757.9499999999996
-1774.35
-1747.2500000000007
-1774.9000000000003
-1866.9999999999998
-1776.1999999999998
-1841.6
-1857.1000000000001
-1777.3999999999999
-1785.6500000000003
-1772.7500000000002
-1831.25
-1776.2
-1830.15
-1721.45
-1893.7500000000002
-1899.1999999999998
-1844.9000000000003
-1849.3
-1871.2499999999998
-1733.8999999999999
-1737.1000000000001
-1831.5000000000002
-1810.3500000000001
-1799.95
-1838.2
-1743.7
-1732.3500000000001
-1810.0999999999997
-1831.75
-1708.95
-1797.6000000000001
-1766.55
-1731.1499999999999
-1729.6999999999998
-1818.1999999999998
-1840.4499999999996
-1681.6999999999998
-1701.3
-1727.5
-1755.2500000000005
-1743.3999999999999
-1740.8500000000001
-1706.9499999999998
-1770.3000000000004
-1716.0999999999997
-1860.6000000000004
-1814.65
-1758.2
-1805.2
-1693.8
-1756.7999999999997
-1777.85
-1704.6499999999999
-1830.15
-1720.5500000000004
-1737.2000000000003
-1763.5500000000002
-1788.1499999999999
-1791.1499999999999
-1798.3000000000002
-1755.3999999999999
-1689.1499999999996
-1781.1000000000001
-1685.5999999999995
-1752.6499999999999
-1676.7
-1732.5500000000002
-1821.6999999999998
-1904.65
-1724.2
-1880.8000000000002
-1728.9000000000003
-1866.8500000000001
-1717.0
-1946.95
-1944.1000000000001
-1882.2
-1859.2000000000003
-1825.75
-1759.0999999999995
-1862.7499999999998
-1751.1000000000001
-1723.5500000000004
-1704.7500000000002
-1774.1500000000003
-1758.5999999999995
-1742.9500000000005
-1755.75
-1775.0500000000002
-1771.1499999999996
-1709.8500000000001
-1753.0999999999997
-1789.4999999999998
-1833.6000000000001
-1746.5500000000002
-1757.45
-1710.2500000000002
-1864.8500000000004
-1807.2499999999998
-1727.4999999999998
-1758.3499999999997
-1782.5
-1766.0500000000002
-1862.1499999999999
-1758.9
-1827.3000000000002
-1756.3000000000002
-1674.1000000000001
-1814.15
-1802.1000000000004
-1776.2499999999998
-1717.2
-1722.0
-1705.5500000000002
-1745.5
-1851.7500000000002
-1721.0000000000002
-1860.85
-1805.4999999999993
-1692.5
-1787.3
-1678.9999999999998
-1828.4500000000005
-1785.1000000000001
-1741.2999999999997
-1715.2500000000002
-1793.35
-1710.65
-1758.1999999999998
-1698.35
-1794.1000000000001
-1814.7000000000003
-1755.0999999999997
-1768.1500000000005
-1759.45
-1759.4999999999998
-1759.35
-1789.5
-1788.8499999999997
-1736.5500000000002
-1813.0500000000002
-1816.3000000000002
-1704.7000000000003
-1768.75
-1816.5500000000002
-1771.8
-1740.65
-1827.1499999999996
-1833.5500000000004
-1724.9999999999995
-1869.7500000000002
-1853.4
-1736.3999999999999
-1739.5500000000002
-1781.4
-1740.7500000000005
-1727.1
-1834.1000000000001
-1856.45
-1701.1000000000001
-1787.3000000000002
-1794.1999999999998
-1757.45
-1825.8000000000002
-1815.3999999999999
-1824.0499999999997
-1834.7
-1824.6500000000003
-1758.2000000000003
-1788.8000000000002
-1763.7499999999998
-1719.15
-1707.0999999999997
-1750.7500000000002
-1782.2000000000003
-1797.0999999999995
-1803.9499999999996
-1757.8500000000001
-1732.8
-1784.05
-1738.4500000000003
-1859.4499999999998
-1808.65
-1784.4999999999998
-1774.1999999999994
-1682.8500000000001
-1847.8
-1731.8999999999999
-1789.3999999999996
-1730.15
-1855.6999999999998
-1770.55
-1749.1500000000003
-1724.7000000000003
-1748.2
-1826.7500000000002
-1773.8500000000006
-1690.8500000000004
-1842.35
-1729.1500000000003
-1738.15
-1736.2499999999998
-1921.0999999999997
-1836.55
-1792.9999999999998
-1733.4
-1809.0500000000002
-1727.5000000000002
-1873.65
-1717.05
-1856.6499999999999
-1810.7
-1749.6
-1865.6000000000001
-1845.2499999999998
-1784.9999999999993
-1757.8000000000002
-1728.8
-1754.2
-1727.75
-1903.8000000000002
-1752.25
-1743.6000000000001
-1774.65
-1719.9499999999998
-1782.1499999999999
-1846.7000000000003
-1824.0
-1772.75
-1757.5
-1800.1999999999998
-1744.3499999999997
-1734.4999999999998
-1769.95
-1805.1999999999998
-1798.35
-1713.2500000000002
-1798.5999999999997
-1850.8500000000004
-1662.9
-1925.1000000000004
-1839.35
-1708.15
-1804.1
-1734.1999999999998
-1820.0000000000002
-1759.9499999999998
-1803.3
-1736.7500000000005
-1756.45
-1670.8
-1879.1
-1858.1000000000001
-1808.4500000000003
-1714.4500000000003
-1764.6000000000001
-1719.1499999999999
-1851.55
-1789.0500000000002
-1724.6999999999998
-1703.1499999999996
-1742.6000000000001
-1691.9
-1724.1500000000003
-1863.6999999999998
-1793.6999999999998
-1749.75
-1775.9999999999998
-1696.8499999999997
-1746.4
-1733.7000000000003
-1767.4000000000003
-1773.6000000000001
-1755.0
-1748.5
-1767.55
-1781.7500000000002
-1739.2
-1807.45
-1815.4499999999998
-1866.4999999999998
-1820.5000000000002
-1734.9500000000003
-1913.2500000000002
-1904.2500000000002
-1827.7499999999998
-1843.65
-1759.0000000000002
-1732.7000000000003
-1734.1999999999998
-1829.9999999999998
-1872.3500000000001
-1825.1499999999999
-1759.4500000000003
-1748.3999999999999
-1957.0000000000002
-1902.0000000000002
-1892.9499999999998
-1890.05
-1710.8
-1814.8000000000002
-1669.0500000000004
-1779.1000000000001
-1761.95
-1745.35
-1822.65
-1717.85
-1762.2499999999995
-1800.7500000000002
-1744.3999999999996
-1861.6499999999996
-1873.4
-1764.4000000000003
-1777.2
-1755.6999999999998
-1815.4499999999998
-1912.1499999999999
-1862.7499999999998
-1819.35
-1679.6999999999998
-1744.05
-1801.6000000000001
-1807.2499999999998
-1873.9
-1844.1499999999999
-1703.4499999999996
-1894.0500000000002
-1840.1
-1771.7499999999998
-1749.9
-1765.6
-1769.6000000000001
-1859.15
-1753.8999999999999
-1812.6499999999996
-1732.3
-1770.0499999999997
-1708.6
-1777.1000000000001
-1798.1000000000001
-1733.55
-1846.8500000000001
-1771.05
-1701.2500000000002
-1742.6000000000001
-1751.65
-1767.35
-1780.2000000000003
-1694.9999999999998
-1840.2999999999995
-1782.0500000000002
-1728.8500000000001
-1922.9
-1786.5
-1731.6999999999998
-1853.8000000000002
-1821.6999999999998
-1742.4
-1762.3999999999996
-1726.3
-1786.0
-1715.1500000000003
-1788.3500000000004
-1764.3999999999999
-1759.7000000000003
-1716.1000000000001
-1791.9999999999998
-1816.9500000000003
-1761.7000000000003
-1756.6499999999994
-1730.3
-1743.8500000000001
-1773.0
-1749.1000000000001
-1773.35
-1725.5500000000002
-1778.65
-1755.3
-1699.5999999999997
-1839.85
-1749.6499999999999
-1701.15
-1739.2000000000003
-1780.8
-1799.95
-1684.65
-1723.45
-1721.7999999999997
-1715.3
-1772.4000000000003
-1716.5999999999997
-1687.8999999999999
-1818.8999999999999
-1747.8999999999994
-1717.6500000000003
-1748.1
-1727.25
-1786.4999999999998
-1760.7
-1752.6500000000003
-1664.35
-1770.2
-1700.4000000000003
-1756.4999999999995
-1713.8500000000001
-1710.6
-1661.9499999999998
-1690.2999999999997
-1711.9500000000005
-1753.7
-1718.05
-1745.8999999999999
-1728.2999999999997
-1727.8000000000002
-1716.05
-1739.9500000000003
-1715.5
-1685.3
-1768.8000000000002
-1721.25
-1737.35
-1702.9000000000003
-1744.5
-1693.0500000000002
-1787.1
-1754.8000000000002
-1780.9499999999998
-1708.2500000000002
-1702.1999999999998
-1793.2999999999997
-1744.2000000000003
-1741.0500000000002
-1692.3500000000001
-1731.3
-1663.0500000000002
-1749.5499999999997
-1699.7500000000002
-1704.1999999999998
-1721.75
-1716.8
-1750.9499999999998
-1748.5500000000002
-1741.15
-1705.0499999999995
-1763.5499999999997
-1688.9500000000003
-1712.6000000000004
-1682.1499999999994
-1757.75
-1694.3500000000004
-1724.95
-1690.8
-1743.1499999999996
-1683.8500000000001
-1785.75
-1681.8500000000001
-1747.0000000000002
-1668.45
-1722.0499999999997
-1690.1499999999999
-1713.2499999999995
-1707.3
-1730.7500000000005
-1766.7500000000002
-1696.4000000000003
-1700.25
-1827.9500000000003
-1716.9500000000003
-1706.4000000000003
-1728.35
-1751.1
-1678.15
-1724.0
-1657.8999999999996
-1716.9500000000003
-1697.6999999999998
-1710.65
-1703.8000000000004
-1749.7999999999997
-1702.1000000000001
-1700.9499999999998
-1748.3
-1709.2499999999995
-1706.55
-1695.3999999999999
-1676.75
-1680.4999999999998
-1704.8500000000001
-1738.2000000000003
-1681.4000000000003
-1716.2500000000005
-1736.0999999999997
-1722.3999999999999
-1720.1999999999998
-1751.5500000000002
-1681.35
-1716.8000000000002
-1791.8500000000001
-1713.8000000000002
-1704.7000000000003
-1688.0999999999997
-1653.9
-1767.4999999999998
-1678.1499999999999
-1667.5499999999997
-1696.2499999999998
-1704.0500000000002
-1704.35
-1789.1499999999999
-1728.4499999999998
-1671.75
-1713.9
-1675.6000000000001
-1728.4500000000005
-1745.7
-1675.65
-1719.8999999999996
-1704.35
-1720.5500000000002
-1703.8500000000001
-1700.45
-1688.5500000000002
-1716.9999999999998
-1747.7000000000003
-1716.3000000000004
-1691.5000000000005
-1713.2000000000003
-1696.8000000000002
-1668.6000000000004
-1716.3999999999999
-1664.6000000000001
-1696.15
-1686.2000000000003
-1695.4499999999998
