11908.113452148438
11684.50341796875
12103.649609375
12004.495556640624
12022.087768554688
11913.516333007812
11765.5771484375
11776.471923828125
11719.42774658203
11693.503076171875
11797.881420898437
11720.37080078125
11679.043774414062
11589.845361328125
11568.532568359375
11306.7505859375
11547.706005859374
11536.178784179687
11321.648388671874
11285.197729492187
11376.768115234376
11235.233642578125
11197.670947265626
11173.400317382813
11043.992846679688
10481.893188476562
10570.780541992188
9534.812622070312
9987.478369140625
10667.7060546875
10246.0849609375
9064.838256835938
9495.743933105468
9931.338671875
9986.335620117188
9958.287744140625
9678.438110351562
9365.346728515626
8074.414538574219
10002.817456054687
9162.482275390625
8336.186059570313
8202.411572265624
8956.26748046875
7751.665490722657
8021.087927246093
7711.541918945312
7411.321813964843
8563.806323242188
6976.989672851562
8361.571081542968
8027.800244140625
6923.99384765625
8922.079443359375
7915.247546386719
8341.522668457032
7608.889086914062
7713.283679199219
7477.75224609375
7701.06650390625
8227.607348632813
7302.390222167969
7267.612756347657
7650.350109863281
7504.951977539063
6853.431555175781
7746.989489746094
7087.601831054688
7951.740051269531
7207.010705566407
6901.902111816406
7306.115710449219
7309.256384277343
7028.412841796875
6295.527026367187
7135.099658203125
7414.931567382812
7521.961499023438
6792.713720703125
7362.870886230468
7472.608178710938
6294.867541503906
8304.407690429687
7676.952380371094
7372.191943359375
7110.222192382813
7491.665148925781
6582.840600585938
6756.48974609375
7026.274633789062
7726.877661132812
6964.792431640625
6263.475482177734
7492.6470703125
6069.244702148438
6643.583020019531
6468.330090332031
6788.132751464844
6651.511755371093
6635.452673339843
7107.407739257813
7278.755114746094
6132.267578125
5993.497204589844
6804.878723144531
6764.750451660157
6551.277514648437
7555.956213378906
6273.445166015625
6478.754870605469
6073.703283691406
6404.2227783203125
6477.402612304688
7370.979113769531
5680.1995849609375
5684.586853027344
6375.791552734375
5747.757873535156
6046.329858398438
6029.230017089843
5565.567150878906
5584.421441650391
5557.981628417969
5300.732592773437
6275.880603027344
5424.058929443359
5977.193688964844
5295.344689941407
5380.459899902344
4929.910803222656
6762.86455078125
5322.609448242188
5439.476574707031
5181.505163574218
5248.068981933594
5178.273565673828
6098.590234375
5303.477709960937
5485.7843017578125
5137.276220703125
5763.4749755859375
6104.692272949219
5789.822729492187
5301.12392578125
6670.807897949218
5495.173150634766
5458.171240234375
4718.880706787109
5257.246423339844
5849.073901367187
5101.3209777832035
5196.766015625
5737.640356445312
4916.241064453125
4722.3553466796875
5249.094024658203
4661.46103515625
6172.428637695312
5455.769274902344
5486.536108398437
5051.475482177734
4125.799969482422
4978.132385253906
4384.702868652344
5719.466577148438
4859.943933105469
4621.271826171875
4566.884295654297
5351.73505859375
4448.628802490234
5113.41171875
5248.915295410156
5377.610729980469
4588.22847290039
5212.329064941407
4303.958203125
4044.1601684570314
5007.5804443359375
4171.800811767578
4605.212860107422
4826.419458007813
4062.076971435547
4766.957104492188
3838.6524658203125
5125.794958496093
3908.090051269531
4071.5922241210938
4593.89302368164
4342.802893066406
4223.120349121094
4582.461700439453
4138.343121337891
4207.480688476562
4650.581970214844
4045.506231689453
3897.2155151367188
4568.051330566406
4630.046466064453
4195.856451416015
4822.996020507812
4833.0758056640625
4225.080981445312
3734.9927612304687
3450.412628173828
3992.187939453125
3317.708874511719
3786.6354553222654
4609.376733398438
3929.9096496582033
3799.0117736816405
3962.377471923828
3433.6958190917967
3642.2395935058594
4637.660864257812
3631.3544006347656
3645.7688171386717
3131.1515258789063
3860.3261962890624
3066.4953735351564
3823.72685546875
3693.075329589844
3158.6953552246096
3829.496905517578
3545.9926940917967
3830.5974670410155
3296.606549072266
3406.3052490234377
4300.915753173828
2886.9890197753907
3615.1819763183594
3208.202947998047
3909.559924316406
3462.5227478027346
3891.1894775390624
3400.162957763672
2960.473419189453
3553.4914733886717
3106.2742126464846
3126.2419677734374
3361.249072265625
3085.6569274902345
3435.8200744628907
3248.4445251464845
3591.715447998047
3812.987237548828
3352.4608154296875
2487.932437133789
3208.1251831054688
3270.6341552734375
3020.210559082031
2706.983517456055
3717.382928466797
3015.8048828125
3036.933917236328
3385.1514221191405
2706.59638671875
3436.2826232910156
2917.455535888672
2370.164715576172
3329.9103942871093
2899.3118286132812
3171.940948486328
2420.806286621094
2457.455847167969
3343.4741271972657
2648.2888000488283
2682.4268005371096
2522.4952026367187
2688.573974609375
3203.1662170410154
2740.209509277344
3059.853863525391
3182.977862548828
2680.344622802734
2709.051318359375
2612.6939208984377
2886.064074707031
2502.6336212158203
2773.693218994141
2168.525021362305
3248.6637634277345
3191.331298828125
2892.2318786621095
2830.878335571289
3007.7731018066406
2256.751043701172
2121.589404296875
2671.067724609375
2526.4479858398436
2420.9439331054687
2642.6828704833983
2167.6892333984374
2032.7190795898437
2461.986233520508
2526.514520263672
1916.950390625
2291.285510253906
2155.0937377929686
2048.7775939941407
1997.5960235595703
2465.146343994141
2476.8059020996093
1623.2873947143555
1761.2435241699218
1845.0054077148438
1983.9217742919923
1909.3435455322265
1901.7518341064454
1671.6064331054688
1987.6803009033204
1710.8049407958983
2425.533267211914
2165.246322631836
1888.6441131591796
2090.9373291015627
1533.970162963867
1764.2884674072266
1893.5441925048829
1584.5276473999024
2174.1632293701173
1612.1471954345702
1614.2112396240234
1775.790463256836
1923.1418243408202
1850.9721435546876
1940.2615112304688
1701.0105773925782
1365.688265991211
1829.8997772216796
1333.5097595214843
1602.5967742919922
1258.7397155761719
1519.708432006836
1856.1232543945312
2292.813330078125
1408.1164947509765
2165.0985321044923
1399.8913269042969
1994.7297058105469
1295.1938827514648
2394.258480834961
2391.572119140625
2044.563214111328
1929.2190856933594
1759.5875305175782
1433.3444366455078
1856.4151763916016
1406.3682189941405
1229.834992980957
1123.391375732422
1412.7866271972657
1336.7931213378906
1261.0603164672852
1387.4488525390625
1424.3970489501953
1348.2059997558595
1118.3625320434571
1262.9437606811523
1380.1894165039062
1557.275213623047
1238.6434600830078
1252.0260437011718
1053.5073043823243
1706.3324920654297
1406.3209991455078
1094.718438720703
1201.7557098388672
1261.0413284301758
1219.4490051269531
1548.5267303466796
1114.3152389526367
1413.4894897460938
1035.3671707153321
809.6603927612305
1348.6619247436524
1240.269660949707
1138.722427368164
964.0417922973633
907.4428131103516
801.1528335571289
967.5791885375977
1382.1612915039063
874.3344512939453
1395.9480926513672
1189.768130493164
766.0180114746094
1038.436947631836
719.2079299926758
1185.3437088012695
985.5238082885742
818.2730361938477
763.6818237304688
981.5832763671875
709.0730918884277
912.3302459716797
666.7798706054688
955.131672668457
1018.102993774414
811.2280929565429
841.7229415893555
851.7190505981446
887.1565689086914
778.4087661743164
947.3157913208008
865.6573608398437
674.89409866333
931.2744384765625
924.7951965332031
568.3517837524414
724.2320724487305
908.2177062988281
755.821028137207
640.0921829223632
882.0207336425781
936.5030136108398
612.9611656188965
1047.7665451049804
949.3731796264649
576.6327194213867
613.8524063110351
722.0096687316894
576.6945579528808
549.5783943176269
823.7267944335938
910.8343780517578
460.58084335327146
656.1520202636718
679.477067565918
538.9378608703613
725.2533866882325
686.5864234924317
722.2035873413085
752.560678100586
715.5093154907227
485.8131805419922
575.8066596984863
565.6997703552246
429.2369930267334
384.4993579864502
474.8742980957031
536.820157623291
554.3103904724121
591.998494720459
453.6245391845703
405.71029434204104
526.9774166107178
374.2115188598633
666.7878311157226
534.1259780883789
486.06469955444334
422.7248596191406
276.9674264907837
623.0305091857911
350.02125854492186
411.452783203125
312.8155708312988
585.5887504577637
393.8088920593262
346.8948749542236
311.29723320007326
348.21575889587405
479.43438720703125
339.73150024414065
211.59149742126465
491.1481201171875
256.9016654968262
257.14499320983884
254.43591117858887
660.8271934509278
472.5652198791504
340.7516944885254
222.36829833984376
363.90330505371094
199.89792671203614
492.8857246398926
198.4520576477051
416.2863716125488
333.8052234649658
215.24473838806153
445.34353790283205
414.89991760253906
263.7584255218506
208.49774513244628
179.52635498046874
196.78678131103516
154.06483268737793
477.2308609008789
204.61143341064454
205.8950517654419
220.2143226623535
146.04489421844482
228.03752822875975
319.55869445800784
263.7434783935547
187.33838062286378
172.559273147583
236.0596622467041
155.9094828605652
114.76009902954101
152.79739646911622
212.7522808074951
185.31802043914794
98.09808807373047
174.4355140686035
291.24685287475586
49.38038892745972
375.46335525512694
222.34128437042236
78.61375169754028
186.48398475646974
92.13509902954101
168.9635362625122
135.10224323272706
150.21420726776122
70.80329294204712
102.10306205749512
55.325730848312375
232.1133716583252
194.4499485015869
179.82770957946778
76.40620651245118
85.6572684288025
72.62458701133728
202.90683631896974
111.80823822021485
63.824693489074704
40.11151065826416
50.86572585105896
58.17724928855896
40.66756482124329
159.6709861755371
92.6858660697937
67.09788885116578
81.03651061058045
28.206160974502563
46.383063840866086
33.78601408004761
45.68376450538635
77.75154991149903
52.95794825553894
70.20930414199829
74.56144070625305
60.81674861907959
60.61223759651184
67.3700122833252
80.64718999862671
139.18385181427
75.11739573478698
46.41236848831177
143.43453960418702
137.204447555542
57.28154649734497
71.22403993606568
50.935081768035886
46.45205569267273
74.09096326828003
61.83389461040497
94.91808423995971
79.05880641937256
35.75531296730041
67.90123443603515
155.10792388916016
107.58853397369384
79.20863485336304
82.18319311141968
49.47613916397095
86.11662788391114
67.03959550857545
50.47209527492523
58.06285099983215
29.80946021080017
40.13296055793762
51.854409265518186
32.10333366394043
38.073713541030884
40.289143323898315
63.37793416976929
54.84365262985229
46.267627477645874
26.24323205947876
41.419600296020505
36.548624467849734
95.89210109710693
56.96244087219238
42.542907524108884
51.333035349845886
44.4452965259552
49.741691541671756
51.88711719512939
50.23675947189331
33.300865864753725
58.231437587738036
73.29380769729615
47.411207008361814
48.56821370124817
26.332024562358857
22.26311433315277
52.14494187831879
48.8092643737793
26.41699230670929
26.612016320228577
47.194568920135495
49.34974889755249
40.42711720466614
46.48729672431946
39.262896823883054
75.87458944320679
54.03829236030579
63.65632314682007
42.638514852523805
43.35820661783218
44.88558402061462
32.814893054962155
36.37270884513855
56.65739502906799
50.29408254623413
28.10827991962433
62.62330138683319
103.49335556030273
35.56150751113891
45.40725452899933
44.97487053871155
49.67348227500916
46.34935479164123
42.24214615821838
60.45267412662506
50.64374737739563
43.71335611343384
27.62871519327164
32.36720266342163
25.259996378421782
42.00027008056641
34.582827138900754
46.84529452323913
32.13796050548554
27.67402341365814
35.065591955184935
22.76751673221588
19.77696888446808
20.095347368717192
14.65586678981781
29.466217839717864
29.208773446083068
16.844444513320923
26.98150269985199
35.86387631893158
8.448702871799469
25.15430381298065
27.623122119903563
18.992983865737916
21.194949078559876
30.423756670951843
11.438053965568542
20.78762867450714
22.224617874622346
23.46270110607147
36.84967379570007
25.583796548843384
28.19811463356018
14.588029754161834
35.13631272315979
16.767184245586396
17.33314319849014
29.673202633857727
18.00137324333191
20.099616158008576
14.439414966106416
21.87848346233368
25.487297320365904
24.65135864019394
10.870604062080384
19.145654594898225
17.50386897325516
25.219110691547392
24.738235449790956
21.695309257507326
31.085011410713197
17.816682958602904
23.693082308769227
28.019168090820312
11.608637571334839
11.842603677511216
9.088750004768372
12.134898591041566
13.60455071926117
29.403603315353394
7.270255553722381
19.995410692691802
13.300623321533203
14.48453140258789
26.948034644126892
24.34852409362793
16.98821280002594
23.716735196113586
20.724729537963867
22.906330704689026
13.46530261039734
13.807573699951172
14.284860992431641
21.711230301856993
18.221590584516527
34.860529732704165
19.883386301994324
15.67786899805069
19.029803419113158
7.287023144960403
17.1007248878479
16.529886496067046
23.00871922969818
13.155413055419922
19.607282304763793
12.502850592136383
21.198540329933167
14.757449924945831
8.928627383708953
18.702448999881746
15.406157624721526
7.675424027442932
18.74075803756714
10.816555935144425
14.371854555606841
10.101735025644302
21.552037990093233
16.804464995861053
29.487241244316102
25.453671598434447
5.306209248304367
10.470785212516784
9.970204311609269
19.140485417842864
32.408388352394105
23.212307000160216
29.04861879348755
17.564565098285676
12.259301948547364
13.382146716117859
15.883659833669663
20.565378141403198
23.508345937728883
10.61393246948719
15.490709269046784
27.16710262298584
8.472950714826585
19.036640572547913
23.852913737297058
14.446371293067932
8.728909438848495
17.517396837472916
15.319574612379075
16.086387205123902
15.939535576105119
10.260363507270814
8.63797277212143
5.440064001083374
15.938123768568039
7.256866985559464
8.618886244297027
17.902868044376373
13.070979940891267
25.81905083656311
7.068841445446014
9.462530040740967
5.963976718485355
27.7826566696167
17.56218025684357
16.94007804393768
9.471785748004914
11.499325883388519
22.913511300086974
15.346033644676208
5.581612259149551
11.972425734996795
14.728696805238723
12.657578146457672
27.67965512275696
8.565307974815369
8.838189125061035
30.45882914066315
8.94848746061325
26.606390619277953
21.655693304538726
13.163166785240174
14.166753560304642
21.987678283452986
24.96319501399994
26.272478914260866
13.837494385242461
18.20494669675827
12.045989471673966
10.24227648973465
5.492665457725525
13.655845761299133
4.282613831758499
9.52008078098297
23.91105422973633
9.181349062919617
11.54505684375763
4.7021791115403175
5.691073700785637
8.271883004903794
