482.90125244140626
404.279567972819
987.9814392089844
367.8974658203125
302.3753271484375
430.67215637207033
344.6642283121745
315.60741093953453
320.6599450683594
272.0430182139079
374.77999420166014
289.97273445129395
605.2929244995117
316.4730652252833
292.84129587809247
238.39130249023438
239.68707275390625
553.4653198242188
242.66475499471028
220.50656280517578
223.22229919433593
292.86476024389265
208.29376098632812
270.39632517496744
347.6180470784505
202.48533843994142
282.2214630126953
211.70834834774334
258.6205997467041
210.10881134033204
181.78693572998046
189.8514144897461
299.5438559214274
185.1930531311035
187.34569104512533
216.69824249267577
278.33195037841796
198.31325164794922
222.71092010498046
241.044571797053
206.07727157592774
249.18012756347656
236.75000595092774
256.9292074584961
299.88195889790853
221.28126098632814
203.40105635325114
247.7588333129883
232.61152165730795
202.1699177424113
230.45970626831055
234.08538665771485
212.87477729797362
252.34570450782775
276.2883015950521
252.2099313735962
234.7716655323282
242.30541412353514
326.0196287536621
265.0020539855957
243.3988312760989
263.7592367553711
275.0264094543457
244.1639791870117
296.53484181960425
267.5265879058838
305.19155343373615
275.475810546875
306.97914108276365
270.3798587036133
284.72248275756834
289.04654373168944
254.81316604614258
308.285035943985
318.95857513427734
304.63764236450197
295.5147114562988
320.6460380554199
275.76772216796877
328.8567387390137
287.2480750274658
282.2733421484629
291.9844270324707
252.59880778392156
299.86146103541057
342.31567535400393
273.3787470601499
414.0545718193054
292.9358248901367
283.40056640625
307.2938682556152
393.15773641656466
328.3006618499756
341.4629868825277
312.27823984622955
307.04375633239744
323.5744158983231
290.6353732299805
311.20803559621174
362.66024487813314
246.59527366757393
314.0311900595824
425.57039165496826
304.49961013793944
293.91554916381835
297.4460717773438
331.60538345336914
318.6363761504491
295.3041892528534
576.3961125691732
355.25259887695313
298.2073373413086
315.8024030685425
605.4579350789388
338.0672315979004
323.10268470764163
418.8935696411133
344.8970315551758
393.6478663444519
343.12225463867185
340.7201567077637
404.6084294160207
318.1595826148987
318.2387077331543
350.3369499829908
376.4550997924805
330.5859855651855
302.4937921142578
301.3411155700684
389.5175508817037
332.63075157165525
304.8667081451416
369.2746800467372
325.3741345564524
593.3127446492513
368.56922912597656
320.60427158355714
304.9190072631836
311.5820915222168
367.45194244384766
346.3564860534668
312.8310272216797
300.90352188110353
299.6896122741699
324.85348937988283
311.22155654907226
313.34570541381834
283.80813856124877
319.49657470703124
285.84137807687125
294.5882568359375
371.35991775512696
305.7982680511475
351.0635490496953
338.8336151123047
310.4815484619141
312.68666732788085
329.5555309295654
369.37939065297445
311.7200252532959
359.4308006922404
326.0687691497803
344.83241914113364
318.01522720336914
304.2422596613566
307.68174530029296
314.05612701416015
375.9411798095703
316.8034906768799
310.328210067749
293.43685019612315
487.248122660319
384.5675382296244
332.8356187438965
301.7140330314636
324.2108386993408
303.77819107055666
309.19063804626467
262.77843313217164
278.94035212198895
284.54914169311525
433.46246713002523
313.7508716583252
482.0715782165527
329.6996630827586
303.62433395385744
364.41264251708986
340.61177352905275
357.40815855662026
270.9847223605728
371.7613763809204
417.12253494262694
338.4835217285156
490.2353623072306
399.75689447720845
338.5770202636719
318.45481923421227
378.57005889892577
311.76398460388185
320.14318064053856
268.47940190633136
368.47621103922523
322.8279473876953
315.0560990905762
290.7318151092529
277.3372965240479
321.923381652832
362.2630891418457
320.9518186410268
297.85833068847654
304.0955294799805
302.0968074162801
318.80884704589846
247.9383661588033
302.28014240264895
308.23843971888226
322.8814340209961
363.4713715871175
306.32446537017825
300.7418653869629
317.1310400390625
315.6554360961914
321.3776347478231
346.39634291330975
289.03591079711913
321.9173530578613
312.58176353454587
308.60109394073487
281.31216688156127
428.09882634480795
526.5323175430298
322.8979297677676
334.7286437225342
338.2741230773926
266.53035877545676
305.77263778686523
328.6885029602051
343.3690377553304
286.9527046203613
315.8828717549642
306.9814293670654
332.08805554707845
405.4646189880371
357.87796202500664
320.2722672899564
369.7173564910889
346.8651135253906
275.53242872059343
321.59587942759197
270.96392250061035
283.00212942759197
408.1987415313721
317.59482315063474
301.00512619018554
323.7350652694702
364.00001055399576
299.37739623387654
288.04456743001936
262.62498025894166
335.8605126953125
369.60158966064455
348.0761381785075
326.2033572387695
327.2467403411865
408.74372045894467
337.73276718139647
298.3077335357666
594.9032805641492
330.9412780761719
316.3466079711914
286.8603916803996
300.184670715332
328.9388266563416
258.783506077528
328.73758514404295
320.77663482666014
299.9642039489746
292.6059718322754
295.1830627441406
373.02233322143553
391.6129782104492
347.5461718877157
344.4829312133789
304.5787110900879
310.64689086914063
301.92800201416014
346.72339191436765
315.15985504150393
309.3090670776367
291.1724009605745
254.1180016795794
291.6209938128789
304.3534912109375
310.85184875488284
296.6223334153493
265.97787313461305
419.48095550537107
326.06324493408204
405.1958923513691
295.41074340820313
304.0832127761841
300.347487487793
405.324580078125
315.9173468017578
299.8071171760559
271.97808371980983
303.27834951082866
320.0869366455078
346.71404678344726
417.42035687764485
289.6471065243085
332.6700109863281
333.7954106140137
320.69113418579104
259.66771110296247
394.83458460966744
306.72621490478514
304.14319915771483
340.77902765274047
293.7689082336426
314.61886276245116
288.2824287414551
312.59792340596516
399.9981002807617
556.7976420084635
277.65585157076515
292.7625567436218
286.6483657360077
310.8335743713379
347.99512612024944
275.9744651476542
386.23253936767577
295.03541030883787
287.032128683726
321.29115025202435
323.2327590942383
315.73928970336914
306.8629625701904
440.427203754584
315.06124389648437
320.44574645996096
248.829238580664
290.344737701416
288.55560829162596
257.75664176940916
289.86422927856444
334.8928416442871
300.94603988647464
280.51911026000977
295.1123602549235
291.6839193725586
238.1993841965993
265.2917467792829
304.7489710998535
377.0264402770996
318.4050521850586
356.54803428649905
334.93787033081054
300.2424285888672
352.0398341369629
482.39889030655223
304.09000396728516
330.1989157104492
340.28641176223755
299.47980264027916
279.0762592951457
535.1088579813639
394.07620468139646
238.20369795163472
294.0690164883932
347.58172080993654
314.15211364746096
328.620263671875
335.5710562133789
307.43346908569333
324.36816604614256
322.69075439453127
343.86288307189943
384.0409800720215
311.40560821533205
322.96225182215375
333.1297228240967
499.52943356831867
321.99327239990237
351.81425842285154
321.2614948272705
314.97949562072756
362.7534617614746
318.2511079406738
330.2638507708907
301.86874855041503
435.9111711104711
323.9621936202049
327.1939512634277
313.17788982043663
279.13894823392235
327.5891329193115
309.65820954243344
439.3045196413994
342.48334930419924
357.8113049427668
321.61476470947264
544.1914447784424
293.08394638061526
484.2036720275879
357.95186172485353
346.78589736938477
340.6720001220703
323.0372997283936
317.7510855102539
335.71410776774087
275.30227279663086
314.4379668434461
353.54551651000975
335.0605561828613
365.06763873100283
304.46956125895184
317.0040106435617
287.20984193483986
328.9661590576172
316.27311157226563
435.7989142735799
326.0992449951172
307.4758344268799
404.56580724716184
332.6044732666016
299.5199969947338
343.18669494628904
346.38118263244627
316.12734786987306
310.8327557373047
301.4408892822266
248.964292995135
308.71566619873045
365.05997421264647
301.05793701171876
328.39218559265134
353.26791838010155
289.6389908115069
285.16638049284614
269.779462424914
335.43997245788574
293.75725218454994
273.7147883415222
304.7299691438675
314.39581158955895
332.3874857902527
315.60313430786135
336.31559721628827
265.26476631164553
325.7950272369385
331.7685766220093
459.2400875488917
359.6147095489502
332.857049407959
302.5495928955078
486.6801579793294
281.3478877305985
307.6528483581543
355.4191650390625
302.38519863684974
311.22930282592773
328.75043045043947
367.77302289009094
317.6492267608643
338.74594467163087
305.54733631134036
306.2703681945801
296.0340576171875
303.3002766418457
299.6630239868164
318.472080078125
298.8379146615664
229.9423774798711
502.38829460109895
314.02693360646566
313.32962699890135
308.3965702819824
302.06031784057615
349.3929107348124
308.4494689941406
306.8822731781006
303.5861013793945
272.97583616574605
309.32010559082033
247.4542429715395
293.5595845031738
298.7771511077881
351.4802936553955
303.72904035250343
341.14716192881264
271.10585428376993
229.67945817708969
291.2146767425537
307.62025703430174
315.14128356933594
302.2066891479492
313.5955467224121
292.9873721313477
422.4331996281942
303.5869911956787
308.9693699645996
344.7892964172363
296.33222244262697
303.54259796142577
274.9089302062988
389.28575744628904
351.40831954956053
329.8891377258301
328.27874618530274
344.2080632019043
248.62030883431436
267.3975708603859
304.9268614196777
297.54606220245364
505.60182495117186
320.8386974334717
308.3969921875
318.8821392059326
314.0483122253418
279.6865097204844
323.43319272994995
344.58331817626953
293.8355293273926
361.3648861694336
352.98110397338866
334.012400894165
295.04709465026855
280.52996416687967
528.013915125529
344.8486331176758
312.94422645568847
355.5505194091797
303.36943702697755
376.57142494519553
305.4973582458496
295.80987075805666
433.95986159642536
310.57602630615236
292.26146949768065
311.6264700317383
301.99459031422936
353.3295700391134
309.4338193893433
371.5644290161133
331.4800749206543
329.6787030029297
246.0891385157903
314.32484680811564
295.0248524475098
306.40705078125
240.95285369873048
357.08405879338585
301.6679917144775
295.7960774230957
337.703035291036
346.13539916992187
294.02429611206054
416.0849374135335
414.4366512298584
313.4134268951416
327.0542214393616
331.98715103149414
315.2982385714849
258.7129977007707
307.82551460266114
363.7030859311422
279.01044975916545
315.3012844848633
329.831856842041
320.22014274597166
330.957402865092
315.5910453796387
387.35974362691246
259.06865451559423
311.79981941223144
307.0396166229248
288.17536748250325
286.292374420166
328.7071209716797
304.2339159647624
461.7832841316859
301.010495300293
319.138286819458
255.52141257921855
418.00990715026853
439.85854517618816
312.5768839263916
291.7791194152832
379.0176822344462
297.1827739318212
335.7538687133789
266.3708850366374
334.39916229248047
399.0071166992187
308.66815544128417
309.17421043395996
511.9596229553223
335.00955727895104
309.0004257202148
391.1932076533636
303.6042087554932
245.9638198852539
306.8334410095215
301.9375591993332
344.28161907196045
301.14506118774415
442.5504562771491
309.90572174072264
303.46462802886964
294.64735977172853
386.12715515136716
292.3851151148478
326.98285431861876
314.10317846934
301.1866639709473
313.95048988342285
325.18678240776063
304.4957257843018
304.6618027369181
302.1193246459961
299.67207180023195
251.66464044253033
386.0723132324219
299.7786811065674
360.77212097167967
298.7355889892578
299.31573071479795
307.53095794677733
588.0414247075717
312.99815513292947
302.40335983276367
466.38118775685626
304.6825875854492
285.9272927125295
333.2342991638184
311.6910330200195
297.2787857055664
312.0505224148432
289.50902830759685
320.5310871640841
262.53163107236225
320.70076586405435
347.40160506566366
323.50034042358396
274.9364862918854
740.0551910400391
664.8142582484654
820.7144077845982
586.8343854268392
391.43094848632813
378.0437345123291
309.9694389820099
300.22429542541505
362.2227284590403
325.6408430814743
338.3743733215332
350.59464965820314
333.48894958496095
336.5759875615438
342.63566506703694
300.69358543396
314.6720855712891
301.9754940032959
323.61953437805175
337.6400830078125
236.2394196956108
405.42773857116697
305.66403366088866
330.9811154047648
313.27315742492675
315.426240234375
315.25939300537107
317.28395301818847
319.95721369385717
326.3508270263672
299.1450794219971
311.78285263061525
352.8595648765564
273.07072887420657
543.2752843856812
352.627887878418
287.4288153409958
366.5096725463867
300.2203157043457
271.22148008346556
337.2768778991699
315.2410990905762
319.1196025085449
274.5600194292764
545.0307678222656
312.9237787628174
243.25944228967032
295.3779992675781
431.58362334569296
331.4334580993652
312.025785446167
255.88973468144735
304.472960357666
302.25545196533204
235.20176720072826
334.0464631652832
307.0144662475586
337.61758880615236
283.5503400802612
257.85124513308205
313.0528172302246
371.8186697642008
383.77619384765626
271.34560123085976
422.85472939809165
310.2581977844238
287.5376153564453
321.69352401733397
293.9298773956299
282.8231192779541
280.8257327884436
280.14131267865497
268.8193926811218
498.3558005650838
292.2165598297119
328.4015083312988
283.55545374552406
288.0527163696289
305.96384094238283
270.24660945892333
297.56979904174807
267.84882441163063
313.7013896179199
290.7992852783203
351.10004507700603
261.3995409806569
291.28363079071045
251.80289131800333
245.0203850546231
268.1285828590393
315.32085739135744
270.24868171691895
329.7294476318359
281.83324993133544
237.60482023557026
309.81474868774416
285.85466369628904
293.51383117675783
397.6625329589844
406.45072479248046
266.7858633200328
343.99306991577146
323.66722282409665
295.529303817749
289.8255281829834
291.39675643920896
297.3881823730469
304.14532608032226
284.0350091552734
328.05175582885744
288.8690904998779
244.58155243198078
283.78928527832034
280.6775775909424
311.5930358593973
246.8481037902832
279.2437184906006
264.1465783691406
274.5775134277344
279.7291132291158
282.2260857391357
290.62621658325196
340.87180182139076
214.18252899150053
289.3692984008789
346.61585113525393
293.02626083374025
351.958392906189
326.5872441101074
309.96328880310057
316.26435969670615
300.5760499572754
215.28070863087973
322.9963459650675
292.84811180114747
359.1190267944336
313.28277572631833
296.09489654541017
277.6278900146484
296.1131164550781
281.71683364868164
283.83849990844726
332.19205612182617
285.1164912414551
271.78665313720705
265.6883448839188
257.54908180236816
257.348663854599
415.0437482198079
316.0550317764282
293.21749237060544
306.43388046264647
288.9387265014648
239.23497947692871
