-610.2499999999998
-601.7000000000007
-922.7499999999997
-591.3000000000001
-548.1499999999999
-629.2000000000003
-603.5999999999996
-598.2499999999994
-587.3000000000003
-564.8000000000001
-658.6999999999998
-591.3000000000003
-784.1999999999999
-639.1499999999999
-598.15
-561.9000000000001
-567.65
-790.5499999999998
-568.4
-568.9500000000006
-560.6
-658.9499999999999
-557.6500000000001
-633.1999999999996
-695.5999999999999
-553.5500000000003
-643.9000000000003
-591.6000000000006
-639.1999999999998
-573.2499999999997
-545.0500000000004
-543.1499999999996
-643.7000000000007
-534.7
-570.9000000000003
-584.3500000000004
-618.4500000000002
-560.65
-585.3000000000004
-616.45
-564.6500000000001
-600.8000000000003
-578.0000000000006
-597.4999999999995
-688.0500000000004
-565.1000000000003
-586.3000000000003
-633.7999999999996
-605.3499999999999
-632.3499999999997
-575.7499999999999
-584.6500000000001
-549.3500000000004
-653.6000000000003
-641.9000000000008
-567.7000000000003
-582.5499999999996
-558.5000000000001
-633.5500000000004
-574.4000000000005
-575.6500000000007
-560.2000000000003
-577.2999999999997
-533.5500000000003
-636.5500000000001
-560.4000000000001
-635.2000000000003
-583.95
-597.25
-543.1499999999999
-558.7499999999999
-580.0000000000001
-563.0
-616.0999999999999
-567.65
-625.0000000000006
-584.9499999999998
-642.7499999999992
-561.15
-604.2
-581.2499999999999
-627.5499999999996
-591.7500000000001
-555.2499999999998
-604.5500000000004
-660.4500000000004
-590.2000000000003
-600.0500000000003
-594.4999999999997
-571.35
-591.8000000000003
-581.6499999999997
-672.6
-575.9999999999999
-611.9999999999998
-558.5500000000005
-571.8999999999999
-566.1500000000005
-641.0000000000003
-659.1499999999999
-555.9000000000002
-613.6999999999991
-651.9000000000002
-546.0499999999998
-571.5500000000003
-613.35
-617.9499999999998
-604.8500000000005
-578.9500000000005
-911.9500000000004
-650.0000000000002
-594.4999999999993
-647.3499999999999
-883.5500000000002
-555.8000000000001
-544.3500000000003
-699.1999999999999
-596.2500000000001
-698.3499999999996
-578.45
-579.7500000000002
-615.3
-613.5999999999999
-572.2500000000001
-587.9500000000002
-684.7000000000003
-547.7500000000001
-581.7000000000003
-573.1500000000005
-749.8000000000002
-549.2500000000001
-579.9000000000007
-612.0999999999997
-616.4000000000005
-973.1999999999996
-632.7500000000003
-551.35
-574.8000000000003
-548.5999999999998
-659.2999999999998
-615.5500000000001
-543.0500000000003
-584.8000000000003
-570.65
-604.4
-588.3499999999998
-559.8000000000002
-621.85
-571.8000000000005
-578.1000000000006
-565.4999999999999
-643.6000000000006
-548.0
-671.3499999999998
-609.8000000000004
-612.5500000000002
-575.5999999999999
-745.2999999999997
-722.2
-553.5500000000008
-692.3000000000001
-534.0500000000002
-681.4500000000003
-577.5999999999997
-648.9500000000004
-567.1500000000004
-545.4500000000005
-680.2000000000006
-595.6500000000002
-578.3999999999997
-596.1500000000001
-819.2000000000007
-664.7499999999998
-571.2000000000002
-620.4000000000001
-576.2499999999995
-539.9
-560.7999999999998
-576.9999999999999
-606.6999999999991
-578.6999999999995
-765.1500000000003
-547.9499999999997
-680.1999999999997
-591.4000000000003
-556.25
-647.6000000000001
-585.3499999999998
-637.3000000000004
-583.8999999999997
-650.8499999999998
-797.7500000000005
-573.6999999999999
-694.7000000000005
-572.4499999999995
-617.7499999999995
-581.3499999999999
-681.6000000000003
-545.9499999999997
-616.6000000000001
-592.8999999999999
-625.3
-560.5500000000002
-563.65
-534.2500000000002
-558.6500000000003
-618.6499999999992
-639.5999999999995
-568.4
-592.65
-584.0999999999997
-632.0500000000005
-604.7500000000006
-623.3499999999999
-563.4999999999999
-641.3999999999997
-582.65
-838.2000000000006
-632.65
-567.5000000000002
-572.2499999999995
-587.1499999999995
-645.5000000000009
-679.6499999999996
-593.2499999999999
-590.6999999999999
-573.75
-535.9500000000003
-583.1999999999998
-890.7999999999997
-877.5499999999995
-601.4000000000005
-560.7000000000005
-614.9999999999999
-585.6000000000004
-557.0000000000002
-578.6
-610.8000000000003
-546.0500000000001
-658.2999999999998
-559.5500000000002
-618.1499999999999
-721.5
-682.5500000000004
-608.2500000000007
-757.7500000000006
-584.1999999999996
-570.2500000000001
-631.35
-599.5999999999995
-616.0500000000002
-734.7499999999993
-560.3500000000004
-550.6000000000004
-615.4999999999999
-771.3000000000006
-589.1000000000001
-608.2499999999998
-617.0999999999999
-587.9000000000002
-619.5999999999996
-663.4500000000002
-555.7500000000002
-567.0000000000002
-595.7
-590.3000000000002
-582.4500000000003
-646.9999999999998
-614.3500000000005
-542.6
-740.7500000000005
-584.1000000000001
-556.9999999999999
-545.1000000000003
-626.4000000000002
-585.6499999999996
-552.8500000000004
-571.3
-568.9999999999994
-672.6000000000003
-663.55
-670.0000000000005
-640.4500000000004
-544.1500000000009
-566.3999999999996
-562.6500000000003
-670.6499999999996
-586.1499999999997
-576.4
-615.9499999999999
-608.7500000000002
-598.7500000000005
-550.0000000000001
-568.0000000000001
-596.6500000000003
-616.3999999999997
-712.9000000000007
-589.7999999999998
-582.2000000000002
-544.0
-585.8999999999997
-585.1999999999995
-704.0000000000002
-600.8
-649.4000000000002
-595.5999999999997
-645.0999999999999
-608.45
-609.1000000000006
-671.1499999999996
-593.1500000000003
-600.5500000000002
-629.9000000000003
-591.1500000000003
-571.1999999999998
-585.15
-574.0000000000003
-545.0500000000004
-662.2999999999997
-548.7499999999998
-585.2499999999998
-536.0500000000002
-625.6000000000005
-868.6
-981.4499999999997
-598.8500000000005
-600.6500000000001
-609.2500000000001
-564.5
-669.8499999999999
-597.4000000000002
-805.9499999999998
-551.9500000000002
-614.1000000000004
-694.1500000000003
-544.0499999999997
-565.1500000000002
-562.9499999999998
-623.5
-580.7
-612.5999999999996
-562.1000000000003
-581.6000000000004
-538.1
-588.7499999999999
-570.1999999999996
-636.2000000000002
-579.5500000000004
-564.2000000000003
-591.7499999999994
-581.4499999999997
-552.6999999999994
-587.7000000000003
-653.8000000000005
-679.1999999999992
-583.4499999999998
-666.45
-626.9499999999996
-552.2500000000002
-626.8499999999998
-630.1000000000004
-560.7499999999997
-611.2500000000001
-647.7999999999995
-601.4499999999999
-671.5000000000003
-896.65
-703.6000000000005
-631.0000000000007
-630.0499999999998
-643.3499999999997
-565.9999999999999
-643.2500000000003
-591.6999999999998
-561.9499999999997
-607.5499999999997
-586.1499999999996
-640.5500000000005
-676.1000000000001
-604.1999999999996
-718.5499999999998
-592.6499999999999
-825.6500000000003
-564.8999999999996
-614.2499999999997
-562.2999999999998
-619.5500000000005
-629.6999999999999
-572.6000000000001
-608.5000000000008
-556.4500000000004
-671.6999999999998
-668.8000000000006
-583.4999999999999
-642.0499999999998
-648.6
-621.7500000000002
-635.6500000000003
-587.2499999999999
-600.5500000000004
-626.2
-559.0000000000003
-922.1499999999993
-591.0500000000003
-919.1999999999995
-613.1500000000001
-604.5999999999996
-614.15
-539.8499999999998
-570.4000000000002
-656.2000000000005
-579.8500000000004
-586.8000000000004
-621.2499999999997
-594.1
-629.0000000000001
-691.3000000000005
-588.9500000000007
-612.7000000000003
-621.2500000000001
-588.3499999999999
-769.5500000000003
-605.0000000000005
-557.4999999999999
-691.3500000000005
-610.4999999999999
-604.1000000000001
-608.2000000000002
-633.0500000000006
-565.8999999999995
-562.0999999999998
-587.0999999999998
-555.4499999999999
-567.65
-684.7499999999994
-568.1500000000008
-696.45
-682.5999999999998
-647.8500000000006
-568.75
-671.1
-557.2000000000006
-643.0000000000005
-567.95
-652.3500000000001
-589.0000000000006
-628.3999999999995
-546.7
-603.3999999999994
-728.15
-566.3499999999998
-780.5
-774.1
-600.1999999999999
-573.3499999999998
-564.4999999999999
-784.9
-590.3000000000001
-575.3000000000001
-623.8000000000003
-629.3500000000006
-578.9000000000001
-607.8000000000002
-679.9499999999998
-542.2000000000002
-603.6000000000001
-550.0500000000001
-598.8000000000002
-579.3999999999999
-578.5999999999999
-565.2500000000001
-606.3000000000001
-598.4000000000001
-629.55
-687.5
-624.6499999999995
-563.6999999999996
-583.4999999999999
-575.4000000000005
-657.0499999999995
-579.3000000000001
-567.75
-606.9999999999998
-606.0499999999994
-579.7000000000002
-585.95
-561.5000000000002
-576.7999999999998
-681.2999999999994
-613.7499999999999
-698.1500000000001
-569.3499999999999
-573.9499999999998
-575.3499999999999
-569.9500000000002
-592.15
-589.9
-588.5499999999998
-553.9499999999995
-769.5000000000001
-604.1000000000005
-564.1999999999999
-627.5
-599.2000000000002
-657.3499999999997
-805.6499999999999
-690.2499999999999
-608.3500000000001
-557.2500000000001
-585.95
-619.45
-579.6499999999997
-606.3
-539.8500000000003
-549.6999999999997
-794.7000000000002
-601.9000000000001
-576.5000000000007
-585.3499999999997
-624.7999999999995
-602.2499999999997
-609.5499999999995
-630.5500000000001
-579.6999999999999
-684.4000000000003
-609.8000000000005
-620.4999999999998
-539.9000000000002
-623.35
-883.1999999999999
-597.3500000000004
-557.7000000000005
-646.7500000000001
-565.7000000000005
-615.1999999999995
-582.9499999999995
-570.7
-789.1499999999997
-576.7500000000003
-552.9999999999999
-579.0000000000005
-655.8000000000003
-585.7999999999998
-568.3000000000001
-651.9500000000004
-650.1000000000004
-589.6000000000004
-567.1500000000001
-601.6999999999995
-568.8499999999995
-583.5000000000006
-594.6500000000001
-681.1500000000004
-570.6999999999999
-592.9000000000001
-707.8500000000001
-659.5000000000005
-561.8499999999998
-819.5500000000006
-663.5000000000002
-559.9
-638.6999999999995
-568.3499999999999
-648.5999999999998
-556.6000000000007
-537.1999999999998
-670.9999999999998
-606.5500000000004
-573.7500000000007
-623.7000000000003
-591.4500000000002
-634.4499999999994
-576.6500000000005
-750.2500000000001
-584.5000000000001
-587.8999999999996
-544.8000000000002
-601.0999999999996
-565.5499999999997
-623.0
-564.8499999999999
-790.6999999999998
-567.95
-566.3500000000003
-591.3
-654.8000000000005
-760.9499999999997
-572.4000000000002
-583.4499999999998
-645.8500000000006
-569.3999999999996
-609.2999999999997
-555.1499999999999
-601.9999999999998
-688.8000000000001
-557.4000000000001
-574.4999999999995
-845.9999999999993
-607.3000000000005
-560.9499999999997
-601.5999999999996
-527.8500000000004
-587.7000000000005
-583.6999999999994
-615.4000000000002
-644.2999999999998
-558.65
-674.6999999999999
-598.6499999999996
-568.6999999999998
-571.8999999999997
-663.1000000000005
-582.4500000000006
-668.2500000000002
-637.2999999999998
-560.0999999999997
-562.4000000000003
-663.2499999999997
-553.4000000000002
-633.8000000000005
-573.4000000000002
-550.7499999999997
-593.0500000000002
-704.8000000000003
-569.0500000000001
-670.05
-552.9500000000002
-611.15
-586.9999999999999
-595.45
-537.4500000000002
-565.6499999999996
-840.7000000000005
-560.6000000000001
-599.3000000000003
-620.8999999999997
-576.4999999999997
-580.5500000000003
-661.3499999999999
-703.8500000000004
-637.0499999999998
-581.4000000000002
-574.7499999999997
-656.1000000000005
-588.7000000000004
-602.8499999999999
-1328.8999999999999
-1155.8499999999997
-1506.7999999999986
-855.6499999999999
-549.6999999999999
-578.0500000000003
-624.8999999999999
-574.6000000000003
-588.9
-644.8500000000006
-565.3499999999999
-610.7000000000003
-564.2999999999996
-650.1500000000003
-585.8499999999998
-541.9000000000002
-542.8
-573.8999999999996
-600.5999999999998
-612.85
-589.0000000000002
-766.0999999999999
-529.5999999999998
-655.7000000000006
-578.5000000000001
-568.5999999999996
-607.2500000000003
-572.9500000000003
-650.85
-608.0
-558.9000000000002
-584.4500000000005
-701.3000000000008
-662.8000000000003
-851.0499999999993
-597.8500000000001
-608.9000000000004
-643.8500000000003
-569.5999999999998
-597.7500000000001
-595.3000000000005
-558.3500000000001
-575.2499999999995
-585.4500000000002
-881.5999999999998
-527.9999999999998
-584.0499999999997
-546.9500000000002
-767.9499999999999
-611.0000000000002
-571.6000000000006
-596.3500000000003
-549.7499999999998
-569.7500000000005
-565.2500000000006
-640.0000000000005
-569.2500000000001
-632.0000000000002
-633.4999999999998
-553.9499999999997
-598.9499999999998
-598.6
-718.7499999999998
-566.4999999999998
-680.5000000000002
-582.5999999999996
-547.9500000000003
-579.0999999999998
-543.7499999999999
-549.7500000000001
-591.1
-548.1000000000003
-600.7500000000005
-795.4499999999988
-532.4500000000005
-604.0000000000005
-585.9499999999985
-526.6999999999997
-614.5999999999998
-549.2
-603.9
-586.6
-585.4
-531.1999999999996
-702.2499999999999
-550.8000000000005
-562.0999999999999
-576.9999999999998
-574.45
-589.9500000000007
-583.1499999999997
-549.6500000000001
-638.1999999999998
-563.9500000000002
-621.1999999999998
-592.85
-553.6499999999999
-604.1999999999991
-720.1000000000004
-708.3499999999992
-567.2500000000006
-624.7500000000002
-598.0000000000002
-536.65
-576.7999999999996
-570.4999999999999
-574.6000000000001
-555.2499999999998
-553.6500000000008
-641.2000000000006
-556.7499999999997
-555.1500000000001
-539.4
-549.6500000000003
-618.1500000000003
-544.8500000000003
-562.1500000000003
-537.5999999999997
-551.3000000000002
-574.8500000000001
-557.55
-586.9000000000003
-752.3499999999995
-607.8500000000004
-565.1500000000005
-619.8000000000002
-566.2499999999998
-718.1999999999998
-600.6999999999999
-552.1500000000002
-598.2999999999998
-547.6
-564.4499999999999
-623.1499999999988
-585.2500000000002
-640.7999999999995
-574.7999999999997
-571.0000000000003
-547.4499999999999
-578.3000000000003
-567.4000000000001
-550.6500000000002
-637.7500000000006
-580.3499999999997
-539.8500000000004
-643.7499999999992
-561.4999999999998
-573.7499999999995
-726.4500000000004
-643.1500000000018
-511.6499999999999
-592.7999999999998
-535.4499999999999
-548.9999999999997
